# Blender 5.1.0
# www.blender.org
mtllib Captainrighthand.mtl
o 24_hero-captainAmerica-s07-3_0.4_0_0
o 24_hero-captainAmerica-s07-2_0.4_0_0
o 24_hero-captainAmerica-s07-1_0.4_0_0
v 0.417016 1.212161 -0.082814
v 0.393127 1.238019 -0.089410
v 0.423858 1.236620 -0.109949
v 0.430191 1.231637 -0.112641
v 0.450241 1.190509 -0.075211
v 0.400384 1.202558 -0.048024
v 0.378736 1.217640 -0.051745
v 0.435734 1.181360 -0.038312
v 0.478182 1.168415 -0.063076
v 0.472143 1.160884 -0.027736
v 0.497229 1.184348 -0.086961
v 0.474211 1.210190 -0.097544
v 0.522467 1.208365 -0.081032
v 0.496951 1.237998 -0.089383
v 0.541287 1.211665 -0.043255
v 0.512790 1.257060 -0.046284
v 0.478486 1.281299 -0.092020
v 0.490315 1.296170 -0.049603
v 0.478117 1.286162 0.006608
v 0.501977 1.253678 0.005314
v 0.435950 1.244765 0.026354
v 0.464730 1.219850 0.021664
v 0.436683 1.188655 0.006284
v 0.403770 1.210646 0.004178
v 0.493511 1.194935 0.016973
v 0.529710 1.211689 0.003960
v 0.469596 1.166664 0.008390
v 0.387573 1.223930 0.001420
v 0.415796 1.264038 0.022340
v 0.475413 1.315991 -0.051169
v 0.456532 1.300152 0.002802
v 0.506848 1.173149 -0.084223
v 0.516466 1.161950 -0.081485
v 0.540490 1.183867 -0.074797
v 0.531479 1.196116 -0.077915
v 0.487753 1.157560 -0.060197
v 0.497323 1.146704 -0.057317
v 0.550626 1.206885 -0.042298
v 0.549477 1.191983 -0.041365
v 0.542244 1.193001 0.001696
v 0.541221 1.207406 0.002839
v 0.514619 1.173418 0.015939
v 0.504065 1.184176 0.016456
v 0.482146 1.142317 -0.026050
v 0.490046 1.144740 -0.024250
v 0.481559 1.148734 0.009915
v 0.491419 1.151796 0.011555
v 0.518375 1.159337 -0.088388
v 0.544882 1.182867 -0.081316
v 0.496624 1.143701 -0.060990
v 0.554933 1.192830 -0.043496
v 0.547630 1.193509 0.006417
v 0.515394 1.172494 0.022239
v 0.488340 1.149200 0.017565
v 0.487650 1.140833 -0.022726
v 0.439880 1.292666 -0.106144
v 0.465558 1.306560 -0.089012
v 0.454512 1.263274 -0.110374
v 0.441228 1.245140 -0.116812
v 0.435256 1.249871 -0.115206
v 0.626329 1.086618 -0.008734
v 0.626136 1.085710 -0.036501
v 0.591219 1.132407 -0.015260
v 0.618765 1.086213 0.019781
v 0.577157 1.102776 0.028239
v 0.582271 1.130659 0.008180
v 0.638227 1.064788 -0.034079
v 0.638712 1.067617 -0.004185
v 0.641803 1.046353 -0.018913
v 0.644345 1.044125 -0.032041
v 0.639948 1.043715 -0.045498
v 0.632485 1.062537 -0.060351
v 0.645723 1.049039 -0.001517
v 0.643743 1.046998 -0.015338
v 0.639535 1.049346 0.011747
v 0.599339 1.073428 0.036725
v 0.549477 1.125576 0.027915
v 0.545990 1.099767 0.043901
v 0.544191 0.995817 0.053864
v 0.545984 0.996150 0.067917
v 0.538659 1.013975 0.049699
v 0.556604 0.998872 0.071165
v 0.551991 1.022311 0.066008
v 0.563791 1.004451 0.059948
v 0.561166 1.021517 0.057992
v 0.555155 0.995490 0.060765
v 0.571404 1.064107 0.036383
v 0.582485 1.058078 0.035587
v 0.555411 1.003659 0.046939
v 0.616430 1.068275 0.041730
v 0.628931 1.071815 0.026833
v 0.633648 1.055531 0.033218
v 0.623090 1.053807 0.045646
v 0.539190 1.073717 -0.010162
v 0.516691 1.089462 -0.001971
v 0.533625 1.096357 -0.028202
v 0.630677 1.061828 -0.068624
v 0.631483 1.043182 -0.069773
v 0.606855 1.054109 -0.073359
v 0.617892 1.083284 -0.069850
v 0.592803 1.130908 -0.038687
v 0.591519 1.071505 -0.075947
v 0.582576 1.125867 -0.068445
v 0.546692 1.102171 -0.059797
v 0.563135 1.111358 -0.074249
v 0.575379 1.067383 -0.023958
v 0.584448 1.068824 -0.052018
v 0.563418 1.059708 0.004758
v 0.579470 1.052257 0.004978
v 0.564114 1.055390 0.022333
v 0.577581 1.050965 0.026444
v 0.600526 1.052317 0.008966
v 0.603091 1.052928 -0.017390
v 0.604364 1.053078 -0.046133
v 0.612056 1.035942 -0.043039
v 0.613842 1.036499 -0.046702
v 0.540109 1.062060 0.016499
v 0.522129 1.070320 0.025739
v 0.614404 1.039107 -0.012686
v 0.598900 1.051410 0.025622
v 0.552766 1.018738 0.041277
v 0.599010 1.056633 0.038412
v 0.607303 1.044817 0.041328
v 0.612121 1.041601 0.020587
v 0.614357 1.040830 0.009556
v 0.638328 1.034698 0.037374
v 0.628723 1.032343 0.047941
v 0.642342 1.013798 0.041760
v 0.638276 1.030753 0.024559
v 0.639079 1.002634 0.029961
v 0.619293 1.025467 0.025478
v 0.619208 0.958842 0.039453
v 0.631044 0.980346 0.041072
v 0.614680 0.963527 0.046365
v 0.615838 0.962355 0.031855
v 0.635862 1.049588 0.019110
v 0.629497 0.946879 -0.019694
v 0.623641 0.950027 -0.027895
v 0.641158 0.974812 -0.023852
v 0.621566 1.019154 -0.039073
v 0.644494 1.023285 -0.041751
v 0.630797 1.001696 -0.034480
v 0.625114 0.951488 -0.012469
v 0.649617 1.026053 -0.030613
v 0.655931 1.007641 -0.027859
v 0.644953 1.026234 -0.018836
v 0.622645 1.021117 -0.021665
v 0.631216 1.003008 -0.020430
v 0.613056 1.037332 -0.022497
v 0.636104 0.976435 -0.014194
v 0.620606 0.963809 -0.015850
v 0.619553 0.962934 -0.027341
v 0.624075 0.978057 -0.030260
v 0.610931 0.971252 0.034122
v 0.627440 0.982408 0.031089
v 0.615808 1.027800 0.042533
v 0.634072 1.005903 0.050692
v 0.618186 1.022238 -0.066813
v 0.612196 1.036844 -0.069946
v 0.633968 1.025978 -0.066070
v 0.639092 1.027409 -0.059224
v 0.636732 1.043235 -0.060059
v 0.636291 1.027926 -0.050913
v 0.620643 1.024953 -0.046980
v 0.623463 0.961479 -0.049785
v 0.618778 0.964317 -0.053828
v 0.631117 0.983940 -0.053278
v 0.613598 0.973877 -0.057357
v 0.625966 0.984877 -0.058785
v 0.618906 1.005008 -0.063154
v 0.639481 1.011103 -0.057163
v 0.620759 0.965264 -0.044593
v 0.627524 0.986412 -0.046696
v 0.615691 0.975580 -0.043644
v 0.634481 1.007493 -0.048664
v 0.621450 1.007876 -0.045264
v 0.615924 0.987691 -0.059702
v 0.651634 1.031795 0.000832
v 0.644580 1.031860 0.013170
v 0.658224 1.012206 0.002399
v 0.623814 1.025821 0.009846
v 0.651565 1.005158 0.013717
v 0.624504 0.951191 0.012588
v 0.637475 0.976630 0.013634
v 0.619916 0.960697 0.010436
v 0.631453 0.946100 0.004692
v 0.645039 0.975327 0.003911
v 0.624946 0.950174 -0.003838
v 0.620701 0.960410 -0.000720
v 0.636783 0.975329 -0.006415
v 0.647342 1.028779 -0.011915
v 0.624148 1.023917 -0.009534
v 0.635539 1.005173 -0.005973
v 0.626797 0.976036 -0.002567
v 0.635933 1.007286 0.010059
v 0.624124 1.005867 0.032129
v 0.624487 0.982961 0.048613
v 0.610883 0.971284 0.043721
v 0.616064 0.987733 0.044556
v 0.634971 0.974561 -0.032678
v 0.528944 1.117538 -0.051175
v 0.565136 1.144057 -0.068757
v 0.568552 1.152810 0.006728
v 0.541781 1.140647 0.020302
v 0.516983 1.121065 0.016741
v 0.218858 1.443047 0.052932
v 0.227783 1.447219 0.049839
v 0.208959 1.484734 0.066331
v 0.225272 1.418652 0.028916
v 0.226318 1.427851 0.025130
v 0.221446 1.411014 -0.012879
v 0.200841 1.597063 -0.064493
v 0.217267 1.585842 -0.004253
v 0.199313 1.557168 0.033251
v 0.221594 1.544964 0.033954
v 0.200534 1.563213 0.039613
v 0.212358 1.487996 0.072683
v 0.223561 1.441182 0.058195
v 0.227207 1.494457 0.055598
v 0.208959 1.484734 0.066331
v 0.199313 1.557168 0.033251
v 0.200534 1.563213 0.039613
v 0.225272 1.418652 0.028916
v 0.218858 1.443047 0.052932
v 0.272815 1.360239 -0.104320
v 0.229987 1.406920 -0.117735
v 0.297351 1.382489 -0.134069
v 0.245742 1.435181 -0.142533
v 0.277771 1.471822 -0.136855
v 0.346006 1.415395 -0.118657
v 0.325059 1.354269 -0.126973
v 0.366174 1.392211 -0.111947
v 0.234203 1.495289 -0.154232
v 0.261081 1.356789 -0.047593
v 0.213636 1.535747 -0.146811
v 0.328242 1.446547 -0.118484
v 0.341153 1.337878 -0.122851
v 0.298808 1.323065 -0.102039
v 0.314933 1.309005 -0.096039
v 0.290298 1.313417 -0.051442
v 0.306724 1.303891 -0.053018
v 0.350304 1.331010 -0.125582
v 0.382652 1.373268 -0.106465
v 0.379525 1.355158 -0.109113
v 0.334117 1.309438 -0.099168
v 0.324389 1.298380 -0.096671
v 0.312387 1.290269 -0.053956
v 0.350591 1.268939 -0.098422
v 0.326803 1.283436 -0.055011
v 0.344042 1.265874 -0.056722
v 0.351134 1.243453 -0.056681
v 0.365661 1.257556 -0.096030
v 0.295278 1.332915 -0.099904
v 0.287516 1.325544 -0.050281
v 0.396631 1.367308 -0.104907
v 0.363559 1.253241 -0.002189
v 0.354454 1.276554 -0.011931
v 0.402714 1.276094 0.026355
v 0.380368 1.300087 0.016656
v 0.431586 1.305466 0.015489
v 0.406937 1.325440 0.008004
v 0.343076 1.289399 -0.006009
v 0.371883 1.312963 0.022396
v 0.448970 1.321689 -0.001784
v 0.423958 1.346146 -0.005136
v 0.424487 1.351734 -0.054058
v 0.453065 1.328977 -0.052999
v 0.443188 1.321915 -0.091172
v 0.416254 1.343194 -0.099592
v 0.332280 1.302290 -0.008777
v 0.363981 1.325885 0.019445
v 0.396768 1.338965 0.011533
v 0.387182 1.352537 0.006373
v 0.317814 1.316101 0.001008
v 0.351627 1.342426 0.030147
v 0.304043 1.329986 -0.003232
v 0.339968 1.359041 0.026824
v 0.377379 1.367949 0.016432
v 0.368272 1.383436 0.012465
v 0.346537 1.419443 0.012359
v 0.380841 1.400913 -0.014165
v 0.364700 1.429721 -0.017134
v 0.312204 1.457134 0.010289
v 0.312746 1.402160 0.029474
v 0.280863 1.376130 0.027720
v 0.263921 1.362118 -0.007409
v 0.250415 1.422819 0.031464
v 0.226405 1.403193 -0.008858
v 0.227779 1.427178 0.022922
v 0.275879 1.470889 0.029147
v 0.286000 1.447043 0.029755
v 0.297476 1.483547 0.011611
v 0.312784 1.488567 -0.002161
v 0.335493 1.460217 -0.026075
v 0.283796 1.524534 0.022525
v 0.365137 1.428457 -0.070297
v 0.334414 1.455034 -0.072526
v 0.249884 1.553186 0.015440
v 0.379377 1.406871 -0.066278
v 0.393974 1.384744 -0.062159
v 0.392130 1.380766 -0.012089
v 0.408268 1.377717 -0.059838
v 0.406839 1.371735 -0.010592
v 0.411483 1.365802 -0.057511
v 0.399531 1.356462 -0.103344
v 0.410469 1.357818 -0.009089
v 0.575275 1.152110 -0.037672
v 0.543391 1.126326 -0.075419
v 0.522669 1.107219 0.023299
v 0.515832 1.109608 -0.016498
v 0.638529 1.043541 -0.051641
v 0.563779 1.083397 0.042284
v 0.546445 1.080476 0.053324
v 0.523265 1.086995 0.041734
v 0.524374 1.057318 0.039667
v 0.527908 1.071456 0.050644
v 0.536163 1.032664 0.060901
v 0.550352 1.037838 0.064472
v 0.540778 1.018618 0.062462
v 0.534015 1.028175 0.047595
v 0.559275 1.037478 0.056536
v 0.557867 1.072526 0.049320
v 0.559077 1.062703 0.043339
v 0.544361 1.049015 0.030669
v 0.548030 1.030722 0.037591
v 0.557805 1.033908 0.043685
v 0.561382 1.051465 0.035385
v 0.641462 0.999317 0.042196
v 0.648426 0.997739 -0.037290
v 0.652519 0.991935 -0.026260
v 0.648625 0.999796 -0.016520
v 0.624703 0.980061 -0.018240
v 0.616459 0.988191 0.033619
v 0.632773 1.005132 -0.062610
v 0.637438 0.999388 -0.055600
v 0.618179 0.989543 -0.044125
v 0.658315 0.997144 0.004047
v 0.651656 1.001926 -0.008609
v 0.626444 0.977166 0.010031
v 0.622644 1.007613 0.045353
v 0.210178 1.482304 0.065262
v 0.212101 1.471504 0.062078
v 0.223592 1.416389 0.020340
v 0.223325 1.421113 0.013020
v 0.223962 1.419708 0.006747
v 0.200525 1.597175 -0.064548
v 0.200512 1.597157 -0.064302
v 0.197984 1.593641 -0.017522
v 0.200538 1.597151 -0.064683
v 0.200581 1.596959 -0.064883
v 0.197972 1.588699 -0.005449
v 0.200304 1.558751 0.031181
v 0.200521 1.556507 0.033289
v 0.202365 1.539357 0.046570
v 0.199015 1.563122 0.040230
v 0.198880 1.564588 0.038747
v 0.198819 1.565962 0.036378
v 0.199159 1.561852 0.041097
v 0.199503 1.558483 0.043974
v 0.207952 1.493427 0.072274
v 0.205563 1.510768 0.066806
v 0.209000 1.485479 0.075494
v 0.210296 1.477851 0.074181
v 0.217687 1.435511 0.063909
v 0.219558 1.427797 0.054081
v 0.223147 1.414970 0.030493
v 0.223733 1.413505 0.025135
v 0.204416 1.523695 0.053122
v 0.209689 1.485124 0.065901
v 0.209557 1.485309 0.067450
v 0.205563 1.510768 0.066806
v 0.199503 1.558483 0.043974
v 0.199833 1.559741 0.035958
v 0.198819 1.565962 0.036378
v 0.209557 1.485309 0.067450
v 0.234954 1.401506 -0.116179
v 0.234532 1.405272 -0.118837
v 0.233554 1.413319 -0.123350
v 0.235618 1.388755 -0.095581
v 0.232035 1.424665 -0.127594
v 0.231446 1.435209 -0.144010
v 0.224776 1.480878 -0.152683
v 0.235024 1.385189 -0.078006
v 0.232999 1.385697 -0.048517
v 0.222742 1.494727 -0.155129
v 0.221247 1.503810 -0.154303
v 0.216727 1.529666 -0.147927
v 0.227858 1.401602 -0.008802
v 0.227376 1.403986 -0.007227
v 0.231980 1.388530 -0.039880
v 0.226633 1.407165 -0.003595
v 0.224365 1.418465 0.003624
v 0.200769 1.596366 -0.066297
v 0.223148 1.415792 0.018076
v 0.201266 1.525168 0.063090
v 0.207025 1.491521 0.064468
v 0.205585 1.499872 0.064305
v 0.207025 1.491521 0.064468
v 0.234052 1.402489 -0.116461
v 0.235016 1.389215 -0.095440
v 0.232552 1.386157 -0.048531
v 0.226928 1.403620 -0.007980
v 0.223945 1.417392 0.001249
v 0.222853 1.420051 0.011110
v 0.223595 1.418439 0.003884
v 0.205733 1.496162 0.072069
v 0.207488 1.484345 0.076759
v 0.209458 1.473728 0.074789
v 0.216880 1.434732 0.064693
v 0.219075 1.426182 0.053584
v 0.222629 1.414073 0.030877
v 0.223366 1.412278 0.024234
v 0.201537 1.527388 0.052809
v 0.201266 1.525168 0.063090
v 0.233651 1.405591 -0.118623
v 0.232775 1.411922 -0.122123
v 0.230977 1.423854 -0.126441
v 0.230134 1.435212 -0.144145
v 0.223157 1.478402 -0.152416
v 0.234548 1.385707 -0.078562
v 0.220523 1.494618 -0.155303
v 0.218555 1.505581 -0.154318
v 0.227209 1.402313 -0.008827
v 0.231554 1.388883 -0.040314
v 0.226524 1.405261 -0.006118
v 0.221744 1.413900 0.010909
v 0.231008 1.405808 -0.117415
v 0.232586 1.391078 -0.094869
v 0.230353 1.388420 -0.048604
v 0.225786 1.401782 -0.016505
v 0.225337 1.403182 -0.013641
v 0.224561 1.406100 -0.010353
v 0.222688 1.414185 -0.005855
v 0.221466 1.416928 0.005499
v 0.222511 1.414693 -0.004572
v 0.207699 1.465071 0.076067
v 0.214692 1.432620 0.066821
v 0.217733 1.421695 0.052205
v 0.221005 1.411258 0.032082
v 0.222209 1.408410 0.021392
v 0.230883 1.406595 -0.117952
v 0.230636 1.408085 -0.118756
v 0.228206 1.421728 -0.123420
v 0.226785 1.435218 -0.144491
v 0.232358 1.388094 -0.081118
v 0.229561 1.390531 -0.042340
v 0.219357 1.410684 -0.001279
v 0.220106 1.410098 -0.011752
v 0.220461 1.410028 -0.017108
v 0.220665 1.409640 -0.019529
v 0.198660 1.558261 0.031983
v 0.200551 1.527565 0.062471
v 0.198837 1.555323 0.034961
v 0.227111 1.403741 -0.107933
v 0.227267 1.395156 -0.093619
v 0.227157 1.407480 -0.115939
v 0.224459 1.394488 -0.048797
v 0.213037 1.535721 -0.146932
v 0.212636 1.538180 -0.145507
v 0.223708 1.397051 -0.042155
v 0.222051 1.403151 -0.028355
v 0.199941 1.597321 -0.063972
v 0.197402 1.593877 -0.017922
v 0.197238 1.588808 -0.005495
v 0.200082 1.538691 0.048067
v 0.197488 1.563031 0.040850
v 0.197700 1.560408 0.042671
v 0.198242 1.552690 0.049315
v 0.197286 1.568419 0.033486
v 0.199978 1.597367 -0.064644
v 0.200010 1.597303 -0.065014
v 0.200114 1.596771 -0.065584
v 0.198837 1.555323 0.034961
v 0.197317 1.565888 0.037928
v 0.197286 1.568419 0.033486
v 0.203687 1.503241 0.061250
v 0.202065 1.515664 0.062191
v 0.198748 1.554651 0.037640
v 0.198242 1.552690 0.049315
v 0.198616 1.558559 0.032075
v 0.198660 1.558261 0.031983
v 0.200622 1.594959 -0.069937
v 0.203555 1.498848 0.071866
v 0.205156 1.482597 0.078710
v 0.201135 1.527904 0.052765
v 0.200551 1.527565 0.062471
v 0.220989 1.475089 -0.152060
v 0.218763 1.494532 -0.155441
v 0.217190 1.506479 -0.154325
v 0.200498 1.534432 0.049922
v 0.213603 1.531735 -0.147940
v 0.203687 1.503241 0.061250
v 0.219308 1.412072 -0.003230
v 0.207591 1.464542 0.076145
v 0.212343 1.430352 0.069106
v 0.215573 1.414472 0.049985
v 0.217695 1.405521 0.034539
v 0.219657 1.399877 0.015123
v 0.225909 1.419966 -0.120917
v 0.225521 1.435220 -0.144622
v 0.227018 1.393914 -0.087351
v 0.224339 1.394849 -0.047648
v 0.223561 1.452465 -0.147839
v 0.207202 1.467425 0.076555
vn -0.4405 -0.7095 -0.5501
vn -0.4620 -0.6940 -0.5522
vn -0.5253 -0.4072 -0.7472
vn -0.3012 -0.4213 -0.8554
vn -0.3339 -0.7533 -0.5665
vn -0.5288 -0.8380 -0.1345
vn -0.6314 -0.7593 -0.1576
vn -0.4944 -0.8635 -0.0997
vn -0.4643 -0.7246 -0.5094
vn -0.7041 -0.7009 -0.1134
vn -0.0305 -0.3654 -0.9303
vn 0.1226 -0.3567 -0.9261
vn 0.5929 0.2599 -0.7622
vn 0.6183 0.2035 -0.7591
vn 0.6607 0.7278 -0.1838
vn 0.8576 0.5010 -0.1158
vn 0.6635 0.3551 -0.6586
vn 0.8197 0.5719 -0.0329
vn 0.4965 0.5572 0.6656
vn 0.6280 0.4119 0.6603
vn -0.0495 -0.0206 0.9986
vn 0.0737 -0.0772 0.9943
vn -0.4464 -0.6503 0.6147
vn -0.5189 -0.6079 0.6009
vn 0.0946 -0.0039 0.9955
vn 0.4806 0.5097 0.7136
vn -0.5372 -0.5065 0.6744
vn -0.6085 -0.5259 0.5943
vn -0.0532 -0.0856 0.9949
vn 0.7026 0.7114 -0.0160
vn 0.5093 0.4650 0.7241
vn -0.0960 -0.3184 -0.9431
vn -0.5656 0.2398 -0.7890
vn 0.1383 0.7264 -0.6732
vn 0.5607 0.2386 -0.7929
vn -0.5790 -0.6178 -0.5321
vn -0.8823 -0.0720 -0.4652
vn 0.8616 0.4894 -0.1347
vn 0.6269 0.7693 -0.1232
vn 0.3504 0.7606 0.5465
vn 0.6597 0.4947 0.5657
vn -0.3460 0.5639 0.7499
vn 0.0794 0.0374 0.9961
vn -0.4024 -0.9133 -0.0620
vn -0.7885 -0.6128 -0.0516
vn -0.3293 -0.7281 0.6011
vn -0.7067 0.3568 0.6110
vn -0.4091 0.0814 -0.9089
vn 0.2565 0.6219 -0.7399
vn -0.8512 -0.2102 -0.4810
vn 0.4812 0.8621 -0.1585
vn 0.3406 0.7918 0.5070
vn -0.2927 0.5216 0.8014
vn -0.8268 0.0520 0.5601
vn -0.9755 -0.1926 -0.1059
vn 0.3718 0.3246 -0.8697
vn 0.5973 0.5426 -0.5906
vn 0.3428 0.1614 -0.9254
vn 0.0919 -0.0317 -0.9953
vn -0.1194 0.1433 -0.9825
vn 0.8078 0.5842 0.0784
vn 0.8324 0.5389 -0.1295
vn 0.7629 0.6312 0.1402
vn 0.5848 0.6535 0.4807
vn 0.3526 0.4634 0.8130
vn 0.6060 0.5321 0.5913
vn 0.9259 0.3566 -0.1250
vn 0.9041 0.4201 0.0783
vn 0.9437 -0.1905 0.2704
vn 0.9659 0.2516 -0.0616
vn 0.8428 -0.1320 -0.5218
vn 0.9128 0.3212 -0.2522
vn 0.9305 0.3498 0.1089
vn 0.8100 0.0360 -0.5853
vn 0.7789 0.0423 0.6258
vn 0.0644 0.3379 0.9390
vn 0.0344 0.4561 0.8893
vn -0.0172 0.4999 0.8659
vn -0.5142 -0.7689 -0.3799
vn -0.5086 -0.6086 0.6090
vn -0.8462 -0.3324 -0.4164
vn 0.3803 -0.3929 0.8373
vn 0.1890 0.1704 0.9671
vn 0.9744 -0.2237 0.0239
vn 0.9722 0.1250 0.1982
vn 0.3998 -0.9124 -0.0873
vn 0.2383 -0.4586 0.8561
vn -0.1611 -0.4487 0.8790
vn 0.3913 -0.4706 -0.7908
vn 0.1684 0.4745 0.8640
vn 0.7580 0.5055 0.4122
vn 0.8635 0.3410 0.3716
vn 0.2519 0.2613 0.9318
vn -0.4564 -0.7410 -0.4926
vn -0.9043 -0.3761 -0.2022
vn -0.6216 -0.6239 -0.4737
vn 0.7092 0.2136 -0.6719
vn 0.5445 -0.0127 -0.8387
vn -0.3928 -0.3835 -0.8358
vn 0.5822 0.3759 -0.7210
vn 0.7661 0.6203 -0.1683
vn -0.3177 -0.3668 -0.8744
vn 0.4987 0.4509 -0.7403
vn -0.5948 -0.5840 -0.5523
vn -0.1269 -0.1223 -0.9843
vn -0.4225 -0.8469 -0.3227
vn -0.5857 -0.7836 -0.2073
vn -0.3228 -0.8947 -0.3089
vn -0.2255 -0.9529 -0.2029
vn -0.1466 -0.9869 -0.0669
vn -0.2177 -0.9234 0.3161
vn -0.3459 -0.9371 -0.0479
vn -0.6167 -0.7811 -0.0976
vn -0.7650 -0.6393 -0.0781
vn -0.6886 -0.6335 -0.3528
vn -0.5874 -0.8003 0.1202
vn -0.3639 -0.8302 -0.4223
vn -0.9046 -0.3938 -0.1631
vn -0.5587 -0.8187 -0.1327
vn -0.3598 -0.9286 0.0907
vn 0.2984 -0.2780 -0.9130
vn -0.3857 -0.2965 0.8737
vn -0.6884 -0.3460 0.6375
vn -0.4857 -0.8253 -0.2881
vn -0.4989 -0.8212 0.2771
vn 0.9075 0.2374 0.3466
vn 0.2004 0.1441 0.9691
vn 0.9461 0.0916 0.3106
vn 0.7084 -0.0792 -0.7014
vn 0.6085 -0.2504 -0.7530
vn -0.5669 -0.3970 -0.7218
vn 0.2622 -0.9635 0.0538
vn 0.8529 -0.4943 0.1681
vn -0.3226 -0.5916 0.7389
vn -0.1903 -0.6468 -0.7385
vn 0.9593 -0.2823 0.0061
vn 0.3935 -0.9155 0.0837
vn -0.3302 -0.6983 -0.6351
vn 0.8767 -0.4810 -0.0054
vn -0.6332 -0.4963 -0.5939
vn 0.4816 -0.0570 -0.8745
vn -0.6915 -0.2026 -0.6934
vn -0.2215 -0.5264 0.8208
vn 0.9590 0.2789 -0.0508
vn 0.9985 0.0549 -0.0051
vn 0.4874 0.1713 0.8562
vn -0.6368 -0.2976 0.7113
vn -0.6848 0.0223 0.7284
vn -0.6541 -0.6638 0.3625
vn 0.3459 -0.0985 0.9331
vn -0.8128 0.0718 0.5781
vn -0.8760 -0.0406 -0.4807
vn -0.7817 0.1047 -0.6149
vn -0.8484 -0.0344 -0.5283
vn 0.3948 -0.2641 -0.8800
vn -0.8146 -0.2748 0.5107
vn 0.2423 -0.0171 0.9700
vn -0.6488 -0.3030 -0.6980
vn -0.6497 -0.3865 -0.6546
vn 0.5067 -0.1046 -0.8558
vn 0.9868 0.0507 -0.1537
vn 0.9429 0.0963 -0.3190
vn 0.6975 0.0422 0.7153
vn -0.4880 -0.0890 0.8683
vn 0.3915 -0.9202 -0.0059
vn -0.3578 -0.7489 -0.5578
vn 0.9216 -0.3751 -0.0994
vn -0.7518 -0.2669 -0.6030
vn 0.3728 -0.3023 -0.8773
vn -0.7144 -0.0898 -0.6940
vn 0.9924 -0.0806 -0.0929
vn -0.0713 -0.5767 0.8138
vn 0.5750 -0.1201 0.8093
vn -0.6186 -0.0747 0.7821
vn 0.6195 -0.0200 0.7848
vn -0.5175 0.0948 0.8504
vn -0.7398 0.0010 -0.6728
vn 0.9517 0.2965 0.0796
vn 0.4140 0.1642 0.8954
vn 0.9885 0.1489 0.0256
vn -0.6432 -0.3890 0.6595
vn 0.4248 -0.0228 0.9050
vn -0.3024 -0.5886 0.7497
vn 0.2555 -0.1436 0.9561
vn -0.8683 0.0212 0.4956
vn 0.4154 -0.9081 0.0531
vn 0.8744 -0.4842 0.0325
vn -0.2919 -0.6203 -0.7280
vn -0.8778 0.0209 -0.4786
vn 0.2108 -0.1977 -0.9573
vn 0.5274 -0.0222 -0.8493
vn -0.5996 -0.5075 -0.6188
vn -0.6731 -0.1664 -0.7206
vn -0.7629 0.2153 -0.6096
vn -0.6801 -0.1203 0.7232
vn -0.6831 -0.1231 -0.7199
vn 0.1443 -0.1827 0.9725
vn -0.8942 -0.0227 0.4472
vn -0.8094 0.2365 0.5376
vn 0.2838 -0.3400 -0.8966
vn -0.6250 -0.6288 -0.4626
vn 0.5962 0.2873 -0.7496
vn 0.6682 0.4635 0.5819
vn 0.0600 0.2421 0.9684
vn -0.6588 -0.1983 0.7257
vn 0.9524 0.1437 0.2689
vn 0.4708 -0.1443 0.8704
vn 0.8667 0.3081 0.3924
vn 0.8731 -0.1619 0.4600
vn 0.9509 -0.2856 0.1195
vn 0.4419 -0.3198 0.8381
vn 0.8165 -0.5183 0.2543
vn 0.4327 -0.8430 0.3196
vn 0.8827 -0.4681 0.0414
vn 0.6510 -0.7390 0.1735
vn 0.2657 -0.9507 0.1597
vn -0.2015 -0.9335 0.2967
vn -0.8336 -0.5135 0.2038
vn 0.4519 0.8244 -0.3408
vn 0.3362 0.9415 -0.0242
vn 0.3511 0.9291 -0.1158
vn 0.3584 0.8141 -0.4570
vn 0.0952 0.8563 0.5077
vn 0.1996 0.8263 0.5268
vn 0.2203 0.9463 0.2364
vn 0.2105 0.7265 0.6541
vn 0.2742 0.6676 0.6922
vn 0.3243 0.6344 0.7017
vn 0.3684 0.5043 0.7810
vn 0.3288 0.5474 0.7696
vn 0.2583 0.6350 0.7281
vn 0.2698 0.6820 0.6798
vn 0.3310 0.7541 0.5673
vn 0.4226 0.7884 0.4470
vn 0.2208 0.6085 0.7622
vn 0.1576 0.6501 0.7433
vn 0.5221 0.1228 0.8440
vn 0.4474 0.2420 0.8610
vn 0.9063 0.2969 0.3008
vn 0.6393 0.2652 0.7217
vn 0.7064 0.1108 0.6991
vn 0.8173 -0.2601 0.5141
vn 0.8625 -0.2893 0.4153
vn 0.9839 0.0997 0.1481
vn 0.8795 -0.3915 0.2706
vn 0.9499 -0.3104 0.0358
vn 0.9733 -0.1790 -0.1434
vn 0.4532 0.1220 0.8830
vn 0.4538 0.1416 0.8798
vn 0.3796 0.3652 0.8500
vn 0.9049 0.1489 -0.3987
vn 0.8787 0.1342 -0.4581
vn 0.8541 0.1234 -0.5053
vn 0.9579 -0.2844 -0.0398
vn 0.9834 -0.0158 -0.1809
vn 0.9770 -0.2132 0.0035
vn 0.9313 0.2238 -0.2872
vn 0.9264 0.1888 -0.3257
vn 0.6951 0.5888 -0.4125
vn 0.7351 0.3602 -0.5744
vn -0.5102 -0.6340 -0.5811
vn -0.5066 -0.5574 -0.6578
vn -0.3762 -0.5258 -0.7629
vn -0.4630 -0.4254 -0.7776
vn 0.0194 -0.3229 -0.9462
vn 0.2746 -0.0233 -0.9613
vn -0.0654 -0.2893 -0.9550
vn 0.5733 0.3137 -0.7569
vn -0.0303 -0.2347 -0.9716
vn -0.5673 -0.6466 -0.5099
vn 0.5988 0.2995 -0.7428
vn -0.6240 -0.7254 -0.2906
vn -0.5095 -0.6350 -0.5806
vn -0.2715 -0.6520 -0.7079
vn -0.4622 -0.4256 -0.7779
vn -0.4948 -0.6468 -0.5804
vn -0.5966 -0.6950 -0.4014
vn 0.1552 -0.0494 -0.9867
vn -0.7171 -0.6950 0.0524
vn -0.6731 -0.7319 -0.1063
vn -0.7112 -0.7027 0.0205
vn 0.0931 -0.1650 -0.9819
vn 0.0808 -0.0302 -0.9963
vn 0.1265 0.1858 -0.9744
vn 0.1816 0.2671 -0.9464
vn 0.1473 0.5139 -0.8451
vn 0.1704 0.3725 -0.9123
vn 0.1623 0.3957 -0.9039
vn 0.6593 0.3796 -0.6490
vn -0.1205 -0.1295 -0.9842
vn -0.6560 -0.4796 -0.5828
vn -0.4766 -0.6630 -0.5774
vn -0.7923 -0.6038 0.0879
vn -0.7222 -0.6858 0.0897
vn -0.1604 0.0014 -0.9871
vn 0.4919 0.4084 -0.7690
vn 0.3650 0.0503 -0.9297
vn -0.1324 -0.4636 -0.8761
vn -0.5311 -0.4379 -0.7254
vn -0.7307 -0.6797 0.0640
vn -0.6806 -0.6279 -0.3775
vn -0.6025 -0.7952 0.0681
vn -0.8565 -0.5117 0.0670
vn -0.8048 -0.5886 -0.0768
vn -0.4605 -0.7591 -0.4601
vn -0.7502 -0.3986 -0.5276
vn -0.8863 -0.4575 0.0724
vn 0.5894 0.4106 -0.6957
vn -0.7366 -0.3062 0.6031
vn -0.7083 -0.4427 0.5498
vn -0.1458 -0.1007 0.9842
vn -0.1789 -0.1924 0.9649
vn 0.2875 0.2907 0.9126
vn 0.2778 0.2475 0.9282
vn -0.5712 -0.5580 0.6020
vn -0.0937 -0.1563 0.9833
vn 0.6011 0.5744 0.5556
vn 0.5436 0.6471 0.5345
vn 0.6898 0.7214 -0.0614
vn 0.5710 0.8172 -0.0784
vn 0.5632 0.5974 -0.5709
vn 0.6386 0.6330 -0.4376
vn -0.5526 -0.6244 0.5521
vn -0.0263 -0.1708 0.9850
vn 0.3093 0.3134 0.8979
vn 0.4907 0.2746 0.8270
vn -0.5033 -0.5996 0.6222
vn 0.0222 -0.1833 0.9828
vn -0.5874 -0.5956 0.5479
vn -0.0368 -0.0351 0.9987
vn 0.5630 0.2349 0.7924
vn 0.4885 0.3799 0.7855
vn 0.5062 0.3940 0.7671
vn 0.8057 0.4882 0.3356
vn 0.7516 0.5920 0.2907
vn 0.5842 0.3492 0.7327
vn 0.1944 0.1004 0.9758
vn -0.3466 -0.4079 0.8447
vn -0.6593 -0.6640 0.3529
vn -0.1647 -0.4287 0.8883
vn -0.6817 -0.6083 0.4064
vn -0.4833 -0.6387 0.5987
vn -0.7211 -0.6738 0.1612
vn -0.7532 -0.6333 0.1778
vn -0.7510 -0.5509 0.3641
vn -0.8265 -0.5311 0.1865
vn -0.8703 -0.4177 0.2610
vn -0.6499 -0.5937 0.4744
vn -0.1133 -0.8458 0.5214
vn -0.4317 -0.7902 0.4350
vn 0.4226 0.0692 0.9037
vn 0.4338 -0.8433 0.3174
vn -0.4325 -0.7904 0.4338
vn 0.2694 0.1474 0.9517
vn 0.6076 0.1337 0.7829
vn 0.7047 0.1777 0.6869
vn 0.7151 0.6431 0.2739
vn 0.4717 0.1956 0.8598
vn 0.7507 0.6195 -0.2293
vn 0.6911 0.6864 -0.2265
vn 0.2980 0.6162 0.7290
vn 0.8362 0.5197 -0.1754
vn 0.6724 0.7270 -0.1392
vn 0.6623 0.6079 0.4380
vn 0.7733 0.6230 -0.1176
vn 0.6837 0.5452 0.4852
vn 0.8815 0.4613 -0.1005
vn 0.5827 0.2361 -0.7777
vn 0.6607 0.5454 0.5158
vn 0.1733 0.9163 -0.3611
vn 0.8245 0.5483 -0.1395
vn -0.1989 -0.3595 -0.9117
vn -0.7789 0.1988 0.5948
vn -0.8268 -0.5157 -0.2247
vn 0.9773 -0.2117 0.0122
vn 0.4199 0.2414 0.8749
vn 0.0813 0.3537 0.9318
vn -0.7862 0.2848 0.5484
vn -0.9250 -0.3753 -0.0589
vn -0.6507 0.1273 0.7486
vn -0.7211 -0.0479 0.6912
vn 0.1919 0.1821 0.9644
vn -0.7316 -0.0883 0.6760
vn -0.8799 -0.3517 -0.3196
vn 0.9210 0.1121 0.3730
vn 0.6350 0.1323 0.7611
vn 0.8421 -0.2186 0.4930
vn -0.1241 -0.5719 -0.8109
vn -0.0184 -0.3730 -0.9276
vn 0.8812 -0.1777 -0.4381
vn 0.7775 -0.6184 -0.1146
vn 0.9189 -0.3025 0.2534
vn 0.4527 -0.2508 -0.8557
vn 0.9056 -0.4234 0.0252
vn 0.4641 -0.0320 0.8852
vn -0.7697 0.2760 0.5757
vn -0.7334 0.2330 -0.6387
vn 0.4141 -0.2280 -0.8812
vn 0.9453 -0.3129 -0.0922
vn -0.5430 0.1369 0.8285
vn 0.9459 -0.3083 0.1016
vn 0.4661 -0.1665 -0.8689
vn -0.7721 0.2873 0.5669
vn -0.8119 0.0244 0.5832
vn -0.6494 -0.5930 0.4761
vn -0.4317 -0.7910 0.4336
vn -0.4832 -0.6388 0.5987
vn -0.6818 -0.6083 0.4064
vn 0.1274 0.1857 -0.9743
vn 0.1791 0.2667 -0.9470
vn -0.6732 -0.7318 -0.1062
vn 0.0943 -0.1660 -0.9816
vn 0.0795 -0.0313 -0.9963
vn 0.0838 -0.5521 -0.8296
vn -0.2720 -0.6523 -0.7075
vn -0.4618 -0.4251 -0.7785
vn -0.3751 -0.5259 -0.7633
vn -0.6238 -0.7256 -0.2906
vn -0.5094 -0.6352 -0.5805
vn 0.9858 -0.0239 -0.1664
vn 0.9848 -0.0165 -0.1730
vn 0.9235 0.1736 -0.3420
vn 0.9786 -0.2055 0.0077
vn 0.9076 -0.3952 0.1418
vn 0.8484 0.1201 -0.5156
vn 0.8795 -0.3916 0.2704
vn 0.9499 -0.3104 0.0359
vn 0.7972 -0.2429 0.5527
vn 0.8529 -0.3307 0.4040
vn 0.5970 0.1416 0.7897
vn 0.6976 0.0397 0.7154
vn 0.3961 0.4072 0.8230
vn 0.1575 0.6511 0.7425
vn 0.1854 0.6323 0.7522
vn 0.3760 0.7734 0.5104
vn 0.2617 0.6239 0.7364
vn 0.3811 0.4722 0.7948
vn 0.3044 0.6035 0.7370
vn 0.2686 0.8705 -0.4124
vn 0.4675 0.7995 -0.3773
vn 0.0970 0.8625 0.4967
vn 0.2614 0.9487 0.1780
vn 0.3194 0.9437 0.0858
vn 0.3368 0.9411 -0.0298
vn 0.4336 -0.8428 0.3188
vn 0.8822 -0.4690 0.0421
vn 0.0984 -0.1681 -0.9808
vn 0.0803 -0.0223 -0.9965
vn 0.0845 -0.5527 -0.8291
vn -0.2721 -0.6525 -0.7072
vn -0.3749 -0.5253 -0.7639
vn 0.7884 -0.2306 0.5703
vn 0.8475 -0.3511 0.3981
vn 0.6612 -0.0534 0.7483
vn 0.6917 0.0040 0.7222
vn 0.6179 0.0693 0.7832
vn 0.3839 0.3177 0.8670
vn 0.8821 -0.4692 0.0426
vn 0.1511 0.2223 -0.9632
vn -0.6734 -0.7317 -0.1061
vn -0.6237 -0.7257 -0.2906
vn 0.9050 0.1490 -0.3985
vn 0.8528 0.1223 -0.5077
vn 0.3797 0.3649 0.8501
vn 0.3345 0.3363 0.8803
vn 0.0830 -0.5516 -0.8300
vn -0.4364 -0.4961 -0.7507
vn 0.8790 -0.3910 0.2730
vn 0.9639 -0.2644 -0.0325
vn 0.7871 -0.2387 0.5688
vn 0.8529 -0.3771 0.3612
vn 0.7091 -0.0584 0.7027
vn 0.4183 0.3949 0.8180
vn 0.4022 0.3839 0.8312
vn -0.7340 -0.6548 0.1802
vn -0.7981 -0.5750 0.1803
vn -0.7169 -0.6945 0.0603
vn -0.6529 -0.7451 -0.1364
vn -0.6237 -0.7247 -0.2930
vn 0.5769 0.2638 0.7731
vn 0.9738 -0.1754 -0.1445
vn 0.0881 -0.5241 -0.8471
vn 0.1022 -0.1708 -0.9800
vn 0.3344 0.3366 0.8803
vn 0.3200 0.9435 0.0866
vn -0.7192 -0.6769 0.1568
vn 0.0757 0.7743 0.6283
vn 0.8049 -0.5804 0.1237
vt 0.956973 0.510572
vt 0.954892 0.540769
vt 0.929613 0.522549
vt 0.927804 0.516688
vt 0.952295 0.475642
vt 0.990228 0.510423
vt 0.991571 0.533458
vt 0.986493 0.472504
vt 0.952433 0.443420
vt 0.982888 0.435831
vt 0.922148 0.444583
vt 0.919164 0.475042
vt 0.891326 0.441237
vt 0.887784 0.474671
vt 0.860128 0.423498
vt 0.847979 0.466411
vt 0.870750 0.510457
vt 0.837325 0.502634
vt 0.795335 0.487439
vt 0.805501 0.455532
vt 0.750762 0.467031
vt 0.766774 0.438982
vt 0.734228 0.420824
vt 0.714786 0.447478
vt 0.703311 0.398557
vt 0.676850 0.426434
vt 0.783629 0.411320
vt 0.819762 0.416051
vt 0.755235 0.394521
vt 0.731625 0.373925
vt 0.705770 0.461044
vt 0.740892 0.488281
vt 0.831465 0.521828
vt 0.784185 0.505711
vt 0.923075 0.431849
vt 0.924002 0.419115
vt 0.895134 0.415430
vt 0.893230 0.428333
vt 0.952693 0.430837
vt 0.952953 0.418255
vt 0.861200 0.415631
vt 0.864434 0.406109
vt 0.826281 0.397956
vt 0.825867 0.408845
vt 0.795029 0.388516
vt 0.789329 0.399918
vt 0.981864 0.418900
vt 0.981214 0.415536
vt 0.762829 0.378529
vt 0.741032 0.360368
vt 0.769686 0.377132
vt 0.745103 0.358336
vt 0.218620 0.196725
vt 0.220312 0.202270
vt 0.191203 0.197726
vt 0.189477 0.203328
vt 0.251197 0.199137
vt 0.249035 0.195696
vt 0.157978 0.199187
vt 0.159758 0.194360
vt 0.119085 0.194388
vt 0.119407 0.199755
vt 0.085967 0.194288
vt 0.085952 0.199664
vt 0.055666 0.196246
vt 0.057315 0.192230
vt 0.023142 0.187555
vt 0.024378 0.183186
vt 0.280618 0.197145
vt 0.282015 0.193275
vt 0.880977 0.542268
vt 0.861431 0.531344
vt 0.895199 0.518041
vt 0.913621 0.517698
vt 0.913251 0.523245
vt 0.148686 0.062098
vt 0.170535 0.065580
vt 0.144414 0.108562
vt 0.124766 0.060799
vt 0.101022 0.089213
vt 0.122507 0.108361
vt 0.172634 0.046135
vt 0.148863 0.043441
vt 0.164201 0.028887
vt 0.175300 0.029055
vt 0.186462 0.032511
vt 0.193502 0.051139
vt 0.149809 0.027470
vt 0.161025 0.028526
vt 0.138019 0.027370
vt 0.101338 0.058164
vt 0.091319 0.117812
vt 0.074993 0.098905
vt 0.008358 0.040216
vt 0.017386 0.038137
vt 0.014045 0.057496
vt 0.022672 0.034886
vt 0.034133 0.048861
vt 0.030959 0.029926
vt 0.041065 0.041548
vt 0.017270 0.029665
vt 0.078777 0.063013
vt 0.082808 0.055744
vt 0.029344 0.020050
vt 0.041731 0.023655
vt 0.036466 0.012512
vt 0.108282 0.045273
vt 0.123137 0.045473
vt 0.119695 0.031202
vt 0.106333 0.032484
vt 0.280500 0.109621
vt 0.286615 0.131196
vt 0.261609 0.124732
vt 0.199838 0.053033
vt 0.207458 0.040897
vt 0.219221 0.060016
vt 0.196886 0.072122
vt 0.164995 0.110085
vt 0.218788 0.079143
vt 0.191353 0.115617
vt 0.232990 0.121626
vt 0.212557 0.118588
vt 0.263134 0.083909
vt 0.239003 0.080619
vt 0.289922 0.086156
vt 0.287126 0.072219
vt 0.304936 0.081661
vt 0.303817 0.069350
vt 0.286190 0.054969
vt 0.264966 0.058198
vt 0.241639 0.059839
vt 0.243289 0.044727
vt 0.240576 0.044653
vt 0.303612 0.102935
vt 0.310414 0.119305
vt 0.266514 0.043403
vt 0.299860 0.052451
vt 0.355509 0.077347
vt 0.365530 0.084421
vt 0.343526 0.082713
vt 0.316709 0.072043
vt 0.312125 0.063840
vt 0.311029 0.050744
vt 0.308875 0.039828
vt 0.292324 0.040707
vt 0.283668 0.040898
vt 0.091934 0.046879
vt 0.052451 0.031689
vt 0.736042 0.041765
vt 0.729533 0.053974
vt 0.717823 0.037443
vt 0.737108 0.029083
vt 0.711727 0.024185
vt 0.735396 0.010732
vt 0.666354 0.024828
vt 0.688862 0.028745
vt 0.669653 0.031703
vt 0.669982 0.015884
vt 0.755105 0.031441
vt 0.752430 0.007930
vt 0.748298 0.061827
vt 0.898885 0.020024
vt 0.903697 0.010538
vt 0.926619 0.026898
vt 0.976520 0.008298
vt 0.973890 0.030051
vt 0.955527 0.010130
vt 0.901470 0.026578
vt 0.971128 0.041932
vt 0.955498 0.037139
vt 0.966147 0.053280
vt 0.953915 0.071359
vt 0.938498 0.058298
vt 0.992844 0.034049
vt 0.987034 0.047598
vt 0.966316 0.084063
vt 0.995101 0.006493
vt 0.922481 0.036648
vt 0.905374 0.037239
vt 0.897492 0.043685
vt 0.910504 0.055652
vt 0.889325 0.029641
vt 0.942505 0.083008
vt 0.676541 0.008119
vt 0.691205 0.018939
vt 0.722141 0.065925
vt 0.737331 0.075621
vt 0.707503 0.044716
vt 0.711887 0.078769
vt 0.342983 0.180787
vt 0.326175 0.176742
vt 0.348961 0.164585
vt 0.354059 0.156731
vt 0.340840 0.146807
vt 0.360367 0.149478
vt 0.376095 0.139747
vt 0.370116 0.126432
vt 0.409748 0.200488
vt 0.403700 0.205179
vt 0.389470 0.185443
vt 0.391622 0.207567
vt 0.384302 0.191814
vt 0.360225 0.190699
vt 0.366979 0.167121
vt 0.412523 0.193160
vt 0.394179 0.178427
vt 0.409497 0.181719
vt 0.376798 0.163285
vt 0.387734 0.155057
vt 0.422515 0.176388
vt 0.414976 0.161508
vt 0.422452 0.189526
vt 0.395375 0.129041
vt 0.419444 0.196240
vt 0.390030 0.113473
vt 0.787683 0.046403
vt 0.789927 0.059795
vt 0.805013 0.043925
vt 0.797179 0.078747
vt 0.813301 0.053884
vt 0.864358 0.044652
vt 0.840746 0.050170
vt 0.860693 0.052245
vt 0.868127 0.036519
vt 0.837996 0.038809
vt 0.865038 0.025254
vt 0.857641 0.016988
vt 0.839219 0.026328
vt 0.787322 0.033135
vt 0.788607 0.010851
vt 0.810306 0.017486
vt 0.769957 0.034047
vt 0.772313 0.005317
vt 0.773857 0.063778
vt 0.783053 0.087545
vt 0.877102 0.048463
vt 0.867119 0.059143
vt 0.851261 0.069405
vt 0.807774 0.093215
vt 0.816304 0.067588
vt 0.697061 0.065513
vt 0.686972 0.038144
vt 0.671372 0.038788
vt 0.684770 0.047373
vt 0.664921 0.044006
vt 0.914892 0.004108
vt 0.928316 0.016496
vt 0.657790 0.033082
vt 0.239711 0.174277
vt 0.211791 0.173343
vt 0.241008 0.140176
vt 0.270158 0.174613
vt 0.186620 0.172536
vt 0.190548 0.136097
vt 0.158609 0.167563
vt 0.122504 0.166311
vt 0.122223 0.129875
vt 0.094224 0.166503
vt 0.094157 0.133282
vt 0.070434 0.169820
vt 0.066462 0.137175
vt 0.039992 0.173554
vt 0.617234 0.787091
vt 0.620901 0.795254
vt 0.621186 0.797618
vt 0.608735 0.764450
vt 0.602333 0.732792
vt 0.616781 0.761136
vt 0.607654 0.733361
vt 0.602433 0.717234
vt 0.602172 0.722194
vt 0.595074 0.700446
vt 0.595170 0.696247
vt 0.596858 0.700017
vt 0.594810 0.693838
vt 0.761342 0.867339
vt 0.761229 0.867329
vt 0.761261 0.867046
vt 0.761577 0.867290
vt 0.713875 0.855347
vt 0.717829 0.839289
vt 0.723854 0.858984
vt 0.678272 0.838877
vt 0.675960 0.838853
vt 0.675995 0.837687
vt 0.659992 0.828453
vt 0.676594 0.817336
vt 0.580722 0.503665
vt 0.582171 0.504021
vt 0.580756 0.505565
vt 0.581116 0.507931
vt 0.580839 0.502266
vt 0.581129 0.498307
vt 0.588206 0.449727
vt 0.591247 0.433255
vt 0.595757 0.428692
vt 0.592579 0.425475
vt 0.595947 0.419302
vt 0.616674 0.385312
vt 0.626199 0.379289
vt 0.622451 0.392095
vt 0.649377 0.370501
vt 0.654354 0.369428
vt 0.651046 0.374504
vt 0.658732 0.371742
vt 0.621905 0.797296
vt 0.639140 0.789562
vt 0.648573 0.819618
vt 0.598688 0.434949
vt 0.594583 0.441715
vt 0.600581 0.428457
vt 0.589315 0.502488
vt 0.589646 0.504906
vt 0.587566 0.500447
vt 0.589216 0.506518
vt 0.588936 0.506561
vt 0.625265 0.394863
vt 0.599731 0.428499
vt 0.608415 0.417795
vt 0.930420 0.739315
vt 0.930185 0.740602
vt 0.929804 0.739859
vt 0.928797 0.740930
vt 0.896485 0.748568
vt 0.854393 0.744140
vt 0.901563 0.684750
vt 0.849041 0.668871
vt 0.904948 0.650561
vt 0.940019 0.686614
vt 0.851647 0.642541
vt 0.949814 0.725728
vt 0.931326 0.734340
vt 0.915743 0.750106
vt 0.922555 0.742406
vt 0.932208 0.742563
vt 0.939149 0.740145
vt 0.862251 0.786890
vt 0.990995 0.724345
vt 0.964751 0.723892
vt 0.988862 0.691337
vt 0.876130 0.786994
vt 0.867153 0.795002
vt 0.860877 0.799857
vt 0.842820 0.813627
vt 0.837461 0.819916
vt 0.839383 0.818357
vt 0.839642 0.818787
vt 0.838652 0.696240
vt 0.906914 0.630703
vt 0.945965 0.648838
vt 0.948704 0.631441
vt 0.988502 0.648971
vt 0.986708 0.634321
vt 0.905946 0.621596
vt 0.853776 0.621026
vt 0.872135 0.615977
vt 0.937255 0.618466
vt 0.950744 0.619690
vt 0.987791 0.622834
vt 0.958022 0.586440
vt 0.986900 0.610389
vt 0.987065 0.589841
vt 0.990926 0.568159
vt 0.948628 0.566602
vt 0.944651 0.657189
vt 0.987787 0.658174
vt 0.854075 0.610734
vt 0.665301 0.444997
vt 0.694597 0.490699
vt 0.650218 0.474778
vt 0.685122 0.511341
vt 0.647375 0.495272
vt 0.734699 0.501612
vt 0.722318 0.527980
vt 0.765015 0.516929
vt 0.753860 0.542276
vt 0.680762 0.525205
vt 0.719314 0.541228
vt 0.786569 0.525437
vt 0.777032 0.554219
vt 0.815851 0.571565
vt 0.825261 0.542058
vt 0.854821 0.553011
vt 0.853104 0.582864
vt 0.676402 0.539069
vt 0.716310 0.554476
vt 0.750056 0.556069
vt 0.746252 0.569862
vt 0.669483 0.554461
vt 0.710856 0.571673
vt 0.662564 0.569854
vt 0.632683 0.533475
vt 0.624747 0.545934
vt 0.634968 0.522865
vt 0.705403 0.588870
vt 0.741969 0.585022
vt 0.737686 0.600182
vt 0.729807 0.635359
vt 0.763908 0.613574
vt 0.759480 0.642041
vt 0.714576 0.676040
vt 0.695083 0.631484
vt 0.663660 0.619953
vt 0.634428 0.603155
vt 0.647202 0.665106
vt 0.610178 0.640270
vt 0.610738 0.642709
vt 0.593915 0.618339
vt 0.606726 0.583635
vt 0.604139 0.638086
vt 0.609201 0.641765
vt 0.605136 0.640018
vt 0.606276 0.643731
vt 0.611646 0.646341
vt 0.623968 0.669398
vt 0.611767 0.657352
vt 0.632942 0.696207
vt 0.681388 0.697119
vt 0.605844 0.652848
vt 0.601334 0.647052
vt 0.605774 0.651436
vt 0.621972 0.673573
vt 0.684222 0.674790
vt 0.707874 0.700969
vt 0.725917 0.701484
vt 0.754218 0.676859
vt 0.701001 0.737596
vt 0.803522 0.653981
vt 0.798064 0.685934
vt 0.642458 0.737328
vt 0.666622 0.781864
vt 0.694447 0.775049
vt 0.806870 0.632049
vt 0.810301 0.609568
vt 0.767004 0.593665
vt 0.811893 0.598664
vt 0.770126 0.581469
vt 0.813485 0.587761
vt 0.854374 0.600443
vt 0.773247 0.569274
vt 0.753511 0.845871
vt 0.753119 0.845686
vt 0.754764 0.845585
vt 0.702668 0.818049
vt 0.640588 0.512920
vt 0.622226 0.554739
vt 0.160841 0.131274
vt 0.216011 0.138723
vt 0.063509 0.122659
vt 0.038657 0.127285
vt 0.037397 0.142091
vt 0.191633 0.033921
vt 0.197588 0.013837
vt 0.195695 0.011145
vt 0.080062 0.079755
vt 0.064647 0.084912
vt 0.055472 0.102426
vt 0.038699 0.104666
vt 0.035161 0.090482
vt 0.049493 0.089886
vt 0.030871 0.063754
vt 0.041824 0.058057
vt 0.024936 0.054107
vt 0.020835 0.068859
vt 0.049225 0.052354
vt 0.068525 0.074580
vt 0.068220 0.065283
vt 0.131450 0.027670
vt 0.271432 0.141781
vt 0.222660 0.045506
vt 0.198955 0.036318
vt 0.259120 0.043952
vt 0.323285 0.114501
vt 0.319031 0.096078
vt 0.342873 0.099879
vt 0.334467 0.088960
vt 0.352499 0.092912
vt 0.331145 0.079937
vt 0.315996 0.082803
vt 0.091399 0.034967
vt 0.129721 0.007662
vt 0.121135 0.010446
vt 0.056568 0.044649
vt 0.069590 0.054127
vt 0.706758 0.033726
vt 0.713757 0.011063
vt 0.754990 0.046904
vt 0.951169 0.024966
vt 0.930234 0.005606
vt 0.943405 0.032654
vt 0.944401 0.043705
vt 0.917531 0.047126
vt 0.983130 0.061030
vt 0.930526 0.068990
vt 0.953153 0.097557
vt 0.693767 0.007432
vt 0.724109 0.090334
vt 0.332501 0.155856
vt 0.346821 0.139886
vt 0.377764 0.200844
vt 0.366443 0.177883
vt 0.376125 0.174542
vt 0.400885 0.170211
vt 0.404174 0.144961
vt 0.816576 0.042784
vt 0.811919 0.031431
vt 0.846085 0.059168
vt 0.841366 0.016666
vt 0.771360 0.048610
vt 0.824071 0.080820
vt 0.703854 0.055012
vt 0.680081 0.056016
vt 0.173847 0.007751
vt 0.181041 0.011360
vt 0.794995 0.104363
vt 0.610474 0.644148
vt 0.610266 0.655870
vt 0.610028 0.642273
vt 0.609741 0.640938
vt 0.593375 0.618542
vt 0.860591 0.802551
vt 0.842478 0.816760
vt 0.588958 0.612443
vt 0.991029 0.724870
vt 0.964311 0.724486
vt 0.878515 0.787012
vt 0.868102 0.796573
vt 0.903116 0.759476
vt 0.917229 0.750224
vt 0.924221 0.742012
vt 0.928254 0.736833
vt 0.949972 0.726360
vt 0.931119 0.735477
vt 0.586465 0.504530
vt 0.581129 0.498307
vt 0.648971 0.369526
vt 0.655143 0.368217
vt 0.615880 0.384380
vt 0.626651 0.377744
vt 0.591147 0.424026
vt 0.596025 0.415486
vt 0.583431 0.463029
vt 0.588975 0.435553
vt 0.579852 0.491310
vt 0.579424 0.500404
vt 0.580172 0.511425
vt 0.579417 0.507024
vt 0.579265 0.503307
vt 0.658021 0.829773
vt 0.673852 0.838341
vt 0.754215 0.846204
vt 0.758083 0.845382
vt 0.762144 0.867728
vt 0.761481 0.867848
vt 0.713725 0.855958
vt 0.724036 0.859578
vt 0.761038 0.867289
vt 0.761174 0.867820
vt 0.611990 0.660747
vt 0.601620 0.714722
vt 0.601307 0.720433
vt 0.600011 0.725784
vt 0.660760 0.371014
vt 0.881706 0.787036
vt 0.868855 0.797818
vt 0.903725 0.760477
vt 0.921123 0.750535
vt 0.928628 0.737564
vt 0.647695 0.366466
vt 0.657630 0.364401
vt 0.613729 0.381854
vt 0.627908 0.373450
vt 0.595038 0.409348
vt 0.596187 0.407474
vt 0.588939 0.421792
vt 0.586745 0.437809
vt 0.599218 0.707304
vt 0.598766 0.715259
vt 0.610436 0.658748
vt 0.860446 0.803918
vt 0.588675 0.612901
vt 0.991196 0.727455
vt 0.962284 0.727222
vt 0.950612 0.728915
vt 0.595419 0.446160
vt 0.588326 0.455545
vt 0.649764 0.823414
vt 0.625302 0.802248
vt 0.599398 0.723935
vt 0.667184 0.368706
vt 0.905278 0.763032
vt 0.924349 0.750793
vt 0.645094 0.360229
vt 0.663115 0.355984
vt 0.611418 0.379141
vt 0.629930 0.366540
vt 0.596197 0.406984
vt 0.654827 0.827472
vt 0.649931 0.823945
vt 0.587161 0.625745
vt 0.592633 0.634645
vt 0.590847 0.619489
vt 0.587284 0.615156
vt 0.991643 0.734383
vt 0.957343 0.733894
vt 0.952013 0.734509
vt 0.582636 0.465244
vt 0.597458 0.718078
vt 0.678106 0.364781
vt 0.905864 0.763996
vt 0.895415 0.773962
vt 0.579852 0.491310
vt 0.582636 0.465244
vt 0.632409 0.810244
vt 0.760650 0.867710
vt 0.584224 0.621971
vt 0.583554 0.621203
vt 0.677040 0.839886
vt 0.596456 0.643451
vt 0.594814 0.707209
vt 0.594158 0.708120
s 1
usemtl 24_hero-captainAmerica-s07-1_0.4_0_0
f 1/1/1 2/2/2 3/3/3
f 4/4/4 1/1/1 3/3/3
f 1/1/1 4/4/4 5/5/5
f 1/1/1 5/5/5 6/6/6
f 6/6/6 7/7/7 1/1/1
f 8/8/8 6/6/6 5/5/5
f 5/5/5 9/9/9 8/8/8
f 10/10/10 8/8/8 9/9/9
f 9/9/9 5/5/5 11/11/11
f 12/12/12 11/11/11 5/5/5
f 4/4/4 12/12/12 5/5/5
f 11/11/11 12/12/12 13/13/13
f 14/14/14 13/13/13 12/12/12
f 13/13/13 14/14/14 15/15/15
f 16/16/16 15/15/15 14/14/14
f 14/14/14 17/17/17 16/16/16
f 18/18/18 16/16/16 17/17/17
f 18/18/18 19/19/19 16/16/16
f 20/20/20 16/16/16 19/19/19
f 19/19/19 21/21/21 20/20/20
f 22/22/22 20/20/20 21/21/21
f 22/22/22 21/21/21 23/23/23
f 24/24/24 23/23/23 21/21/21
f 23/23/23 24/24/24 8/25/8
f 6/26/6 8/25/8 24/24/24
f 22/22/22 25/27/25 20/20/20
f 26/28/26 20/20/20 25/27/25
f 15/15/15 16/16/16 26/28/26
f 20/20/20 26/28/26 16/16/16
f 25/27/25 22/22/22 27/29/27
f 23/23/23 27/29/27 22/22/22
f 27/29/27 23/23/23 10/30/10
f 8/25/8 10/30/10 23/23/23
f 24/24/24 21/21/21 28/31/28
f 24/24/24 28/31/28 6/26/6
f 21/21/21 19/19/19 29/32/29
f 21/21/21 29/32/29 28/31/28
f 18/18/18 17/17/17 30/33/30
f 19/19/19 18/18/18 31/34/31
f 11/11/11 32/35/32 9/9/9
f 33/36/33 32/35/32 34/37/34
f 32/35/32 11/11/11 35/38/35
f 13/13/13 35/38/35 11/11/11
f 35/38/35 34/37/34 32/35/32
f 13/13/13 15/15/15 35/38/35
f 9/9/9 36/39/36 10/10/10
f 32/35/32 33/36/33 36/39/36
f 36/39/36 9/9/9 32/35/32
f 37/40/37 36/39/36 33/36/33
f 38/41/38 35/38/35 15/15/15
f 35/38/35 38/41/38 34/37/34
f 39/42/39 34/37/34 38/41/38
f 39/42/39 38/41/38 40/43/40
f 38/41/38 15/15/15 41/44/41
f 41/44/41 40/43/40 38/41/38
f 26/28/26 41/44/41 15/15/15
f 40/43/40 41/44/41 42/45/42
f 43/46/43 42/45/42 41/44/41
f 25/27/25 43/46/43 26/28/26
f 41/44/41 26/28/26 43/46/43
f 44/47/44 10/10/10 36/39/36
f 36/39/36 37/40/37 44/47/44
f 45/48/45 44/47/44 37/40/37
f 27/29/27 46/49/46 25/27/25
f 43/46/43 25/27/25 46/49/46
f 46/49/46 27/29/27 44/50/44
f 10/30/10 44/50/44 27/29/27
f 46/49/46 47/51/47 43/46/43
f 42/45/42 43/46/43 47/51/47
f 44/50/44 45/52/45 46/49/46
f 47/51/47 46/49/46 45/52/45
f 48/53/48 33/54/33 49/55/49
f 34/56/34 49/55/49 33/54/33
f 33/54/33 48/53/48 37/57/37
f 50/58/50 37/57/37 48/53/48
f 34/56/34 39/59/39 49/55/49
f 51/60/51 49/55/49 39/59/39
f 51/60/51 39/59/39 52/61/52
f 40/62/40 52/61/52 39/59/39
f 52/61/52 40/62/40 53/63/53
f 42/64/42 53/63/53 40/62/40
f 42/64/42 47/65/47 53/63/53
f 54/66/54 53/63/53 47/65/47
f 47/65/47 45/67/45 54/66/54
f 55/68/55 54/66/54 45/67/45
f 37/57/37 50/58/50 45/69/45
f 55/70/55 45/69/45 50/58/50
f 17/17/17 56/71/56 57/72/57
f 58/73/58 56/71/56 17/17/17
f 58/73/58 17/17/17 14/14/14
f 58/73/58 14/14/14 12/12/12
f 4/4/4 59/74/59 12/12/12
f 59/74/59 58/73/58 12/12/12
f 59/74/59 4/4/4 60/75/60
f 59/74/59 60/75/60 58/73/58
f 61/76/61 62/77/62 63/78/63
f 64/79/64 61/76/61 63/78/63
f 65/80/65 64/79/64 66/81/66
f 62/77/62 61/76/61 67/82/67
f 68/83/68 67/82/67 61/76/61
f 67/82/67 68/83/68 69/84/69
f 67/82/67 69/84/69 70/85/70
f 67/82/67 70/85/70 71/86/71
f 67/82/67 72/87/72 62/77/62
f 67/82/67 71/86/71 72/87/72
f 68/83/68 73/88/73 74/89/74
f 68/83/68 75/90/75 73/88/73
f 65/80/65 76/91/76 64/79/64
f 65/80/65 77/92/77 78/93/78
f 79/94/79 80/95/80 81/96/81
f 82/97/82 83/98/83 80/95/80
f 84/99/84 85/100/85 82/97/82
f 82/97/82 86/101/86 84/99/84
f 79/94/79 86/101/86 80/95/80
f 80/95/80 86/101/86 82/97/82
f 76/91/76 87/102/87 88/103/88
f 86/104/86 89/105/89 84/99/84
f 89/105/89 86/104/86 79/106/79
f 76/91/76 90/107/90 64/79/64
f 91/108/91 64/79/64 90/107/90
f 68/83/68 61/76/61 91/108/91
f 68/83/68 91/108/91 75/90/75
f 64/79/64 91/108/91 61/76/61
f 91/108/91 90/107/90 92/109/92
f 90/107/90 93/110/93 92/109/92
f 94/111/94 95/112/95 96/113/96
f 97/114/97 72/87/72 98/115/98
f 99/116/99 97/114/97 98/115/98
f 97/114/97 100/117/100 72/87/72
f 97/114/97 99/116/99 100/117/100
f 100/117/100 62/77/62 72/87/72
f 62/77/62 100/117/100 101/118/101
f 100/117/100 102/119/102 103/120/103
f 102/119/102 100/117/100 99/116/99
f 102/119/102 104/121/104 105/122/105
f 106/123/106 94/111/94 96/113/96
f 102/119/102 99/116/99 107/124/107
f 106/123/106 96/113/96 107/124/107
f 107/124/107 104/121/104 102/119/102
f 106/123/106 108/125/108 94/111/94
f 108/125/108 106/123/106 109/126/109
f 108/125/108 109/126/109 110/127/110
f 111/128/111 110/127/110 109/126/109
f 112/129/112 111/128/111 109/126/109
f 106/123/106 113/130/113 109/126/109
f 106/123/106 107/124/107 113/130/113
f 109/126/109 113/130/113 112/129/112
f 107/124/107 114/131/114 113/130/113
f 114/131/114 107/124/107 99/116/99
f 114/131/114 115/132/115 113/130/113
f 114/131/114 99/116/99 116/133/116
f 108/125/108 117/134/117 94/111/94
f 94/111/94 117/134/117 118/135/118
f 113/130/113 119/136/119 112/129/112
f 120/137/120 111/128/111 112/129/112
f 89/138/89 79/139/79 121/140/121
f 111/128/111 87/141/87 110/127/110
f 88/142/88 87/141/87 111/128/111
f 111/128/111 122/143/122 88/142/88
f 122/143/122 111/128/111 120/137/120
f 122/143/122 120/137/120 123/144/123
f 112/129/112 124/145/124 120/137/120
f 120/137/120 124/145/124 123/144/123
f 112/129/112 125/146/125 124/145/124
f 88/103/88 122/147/122 76/91/76
f 90/107/90 76/91/76 122/147/122
f 90/107/90 122/147/122 93/110/93
f 89/105/89 121/148/121 84/99/84
f 126/149/126 127/150/127 128/151/128
f 126/149/126 128/151/128 129/152/129
f 129/152/129 130/153/130 131/154/131
f 132/155/132 133/156/133 134/157/134
f 132/155/132 135/158/135 133/156/133
f 129/152/129 136/159/136 126/149/126
f 131/154/131 124/160/124 129/152/129
f 127/150/127 126/149/126 93/161/93
f 137/162/137 138/163/138 139/164/139
f 140/165/140 141/166/141 142/167/142
f 137/162/137 139/164/139 143/168/143
f 144/169/144 145/170/145 141/166/141
f 144/169/144 146/171/146 145/170/145
f 147/172/147 148/173/148 146/171/146
f 141/166/141 71/174/71 144/169/144
f 144/169/144 70/175/70 146/171/146
f 147/172/147 146/171/146 149/176/149
f 140/165/140 115/177/115 141/166/141
f 143/168/143 150/178/150 151/179/151
f 152/180/152 151/179/151 153/181/153
f 152/180/152 138/182/138 151/179/151
f 143/168/143 138/182/138 137/162/137
f 143/168/143 151/179/151 138/182/138
f 147/172/147 140/183/140 148/173/148
f 147/172/147 149/176/149 140/183/140
f 135/158/135 154/184/154 155/185/155
f 156/186/156 127/150/127 123/187/123
f 127/150/127 156/186/156 157/188/157
f 156/186/156 123/187/123 131/189/131
f 158/190/158 159/191/159 160/192/160
f 161/193/161 160/192/160 162/194/162
f 161/193/161 162/194/162 163/195/163
f 164/196/164 163/195/163 116/197/116
f 165/198/165 166/199/166 167/200/167
f 166/199/166 168/201/168 169/202/169
f 158/190/158 160/192/160 170/203/170
f 161/193/161 171/204/171 160/192/160
f 165/198/165 167/200/167 172/205/172
f 172/205/172 173/206/173 174/207/174
f 163/195/163 175/208/175 161/193/161
f 164/196/164 176/209/176 163/195/163
f 168/210/168 174/207/174 177/211/177
f 168/210/168 166/212/166 174/207/174
f 172/205/172 174/207/174 166/212/166
f 164/196/164 158/213/158 176/209/176
f 165/214/165 172/205/172 166/212/166
f 158/213/158 164/196/164 159/215/159
f 178/216/178 179/217/179 180/218/180
f 179/217/179 181/219/181 182/220/182
f 183/221/183 184/222/184 185/223/185
f 186/224/186 187/225/187 183/221/183
f 186/224/186 188/226/188 187/225/187
f 188/226/188 189/227/189 190/228/190
f 178/216/178 180/218/180 191/229/191
f 192/230/192 191/229/191 193/231/193
f 191/229/191 74/232/74 178/216/178
f 192/230/192 119/233/119 191/229/191
f 179/217/179 178/216/178 75/234/75
f 181/219/181 179/217/179 125/235/125
f 188/236/188 186/224/186 183/221/183
f 183/221/183 185/223/185 188/236/188
f 189/237/189 188/236/188 185/223/185
f 189/237/189 185/223/185 194/238/194
f 181/219/181 192/239/192 195/240/195
f 181/219/181 125/235/125 192/239/192
f 131/189/131 196/241/196 156/186/156
f 134/157/134 197/242/197 198/243/198
f 198/243/198 199/244/199 154/245/154
f 198/243/198 154/245/154 134/157/134
f 138/163/138 152/246/152 200/247/200
f 134/157/134 135/248/135 132/155/132
f 135/248/135 134/157/134 154/245/154
f 50/249/50 48/250/48 201/251/201
f 50/249/50 201/251/201 55/252/55
f 49/253/49 202/254/202 48/250/48
f 49/253/49 51/255/51 202/254/202
f 52/256/52 203/257/203 51/255/51
f 53/258/53 204/259/204 52/256/52
f 54/260/54 205/261/205 53/258/53
f 54/260/54 55/262/55 205/261/205
f 342/263/206 341/264/207 208/265/208
f 206/266/209 209/267/210 207/268/211
f 210/269/212 207/268/211 209/267/210
f 345/270/213 210/269/212 344/271/214
f 448/272/215 449/273/216 211/274/217
f 450/275/218 211/274/217 449/273/216
f 349/276/219 346/277/220 212/278/221
f 350/279/222 349/276/219 212/278/221
f 351/280/223 213/281/224 348/282/225
f 352/283/226 213/281/224 351/280/223
f 352/283/226 214/284/227 353/285/228
f 354/286/229 215/287/230 353/285/228
f 355/288/231 216/289/232 356/290/233
f 357/291/234 356/290/233 216/289/232
f 355/288/231 358/292/235 216/289/232
f 359/293/236 216/289/232 358/292/235
f 361/294/237 360/295/238 217/296/239
f 360/295/238 362/297/240 217/296/239
f 362/297/240 363/298/241 217/296/239
f 364/299/242 365/300/243 218/301/244
f 366/302/245 367/303/246 209/304/210
f 343/305/247 209/304/210 367/303/246
f 369/306/248 208/265/208 341/264/207
f 369/306/248 219/307/249 368/308/250
f 398/309/251 397/310/252 220/311/253
f 453/312/254 221/313/255 478/314/256
f 481/315/257 480/316/258 221/313/255
f 218/301/244 223/304/259 224/317/259
f 218/301/244 206/317/209 217/296/239
f 375/318/260 217/296/239 206/317/209 342/319/206
f 427/320/261 226/321/262 441/322/263
f 442/323/264 441/322/263 226/321/262
f 228/324/265 229/325/266 227/326/267
f 230/327/268 227/326/267 229/325/266
f 227/326/267 230/327/268 231/328/269
f 227/326/267 231/328/269 225/329/270
f 232/330/271 231/328/269 230/327/268
f 379/331/272 376/332/273 225/329/270
f 380/333/274 228/324/265 378/334/275
f 456/335/276 226/321/262 454/336/277
f 228/324/265 233/337/278 229/325/266
f 384/338/279 383/339/280 234/340/281
f 382/341/282 385/342/283 233/337/278
f 386/343/284 387/344/285 233/337/278
f 459/345/286 235/346/287 458/347/288
f 229/325/266 236/348/289 230/327/268
f 231/328/269 232/330/271 237/349/290
f 231/328/269 237/349/290 238/350/291
f 239/351/292 238/350/291 237/349/290
f 238/350/291 239/351/292 240/352/293
f 241/353/294 240/352/293 239/351/292
f 237/349/290 242/354/295 239/351/292
f 237/349/290 243/355/296 242/354/295
f 243/355/296 237/349/290 232/330/271
f 244/356/297 242/354/295 243/355/296
f 245/357/298 239/351/292 242/354/295
f 239/351/292 246/358/299 241/353/294
f 239/351/292 245/357/298 246/358/299
f 247/359/300 241/353/294 246/358/299
f 248/360/301 246/358/299 245/357/298
f 249/361/302 247/359/300 246/358/299
f 246/358/299 248/360/301 249/361/302
f 250/362/303 249/361/302 248/360/301
f 250/362/303 248/360/301 251/363/304
f 251/363/304 248/360/301 252/364/305
f 238/350/291 253/365/306 231/328/269
f 253/365/306 225/329/270 231/328/269
f 240/352/293 254/366/307 238/350/291
f 253/365/306 254/366/307 225/329/270
f 234/340/281 225/329/270 254/366/307
f 253/365/306 238/350/291 254/366/307
f 243/355/296 255/367/308 244/356/297
f 252/364/305 2/2/2 251/363/304
f 252/364/305 3/3/3 2/2/2
f 7/7/7 2/2/2 1/1/1
f 7/7/7 251/363/304 2/2/2
f 7/368/7 6/26/6 28/31/28
f 28/31/28 256/369/309 7/368/7
f 251/370/304 7/368/7 256/369/309
f 256/369/309 257/371/310 251/370/304
f 250/372/303 251/370/304 257/371/310
f 256/369/309 258/373/311 257/371/310
f 259/374/312 257/371/310 258/373/311
f 258/373/311 260/375/313 259/374/312
f 261/376/314 259/374/312 260/375/313
f 28/31/28 29/32/29 256/369/309
f 29/32/29 258/373/311 256/369/309
f 258/373/311 29/32/29 260/375/313
f 257/371/310 259/374/312 262/377/315
f 259/374/312 261/376/314 263/378/316
f 263/378/316 262/377/315 259/374/312
f 260/375/313 264/379/317 261/376/314
f 265/380/318 261/376/314 264/379/317
f 265/380/318 264/379/317 266/381/319
f 267/382/320 266/381/319 264/379/317
f 267/382/320 264/379/317 30/33/30
f 260/375/313 31/34/31 264/379/317
f 31/34/31 29/32/29 19/19/19
f 31/34/31 30/33/30 264/379/317
f 30/33/30 31/34/31 18/18/18
f 31/34/31 260/375/313 29/32/29
f 57/72/57 30/33/30 17/17/17
f 30/33/30 57/72/57 267/382/320
f 267/382/320 268/383/321 266/381/319
f 268/383/321 267/382/320 57/72/57
f 266/381/319 268/383/321 269/384/322
f 262/377/315 263/378/316 270/385/323
f 271/386/324 270/385/323 263/378/316
f 263/378/316 272/387/325 271/386/324
f 272/387/325 263/378/316 261/376/314
f 261/376/314 265/380/318 272/387/325
f 273/388/326 271/386/324 272/387/325
f 270/385/323 271/386/324 274/389/327
f 271/386/324 273/388/326 275/390/328
f 275/390/328 274/389/327 271/386/324
f 274/389/327 275/390/328 276/391/329
f 274/389/327 276/391/329 241/392/294
f 270/385/323 274/389/327 241/392/294
f 240/393/293 241/392/294 276/391/329
f 241/392/294 247/394/300 270/385/323
f 277/395/330 276/391/329 275/390/328
f 278/396/331 275/390/328 273/388/326
f 275/390/328 278/396/331 277/395/330
f 279/397/332 277/395/330 278/396/331
f 279/397/332 280/398/333 277/395/330
f 279/397/332 281/399/334 280/398/333
f 282/400/335 280/398/333 281/399/334
f 282/400/335 283/401/336 280/398/333
f 284/402/337 277/395/330 280/398/333
f 280/398/333 283/401/336 284/402/337
f 276/391/329 277/395/330 285/403/338
f 285/403/338 277/395/330 284/402/337
f 286/404/339 276/391/329 285/403/338
f 285/403/338 284/402/337 287/405/340
f 285/403/338 287/405/340 286/404/339
f 388/406/341 286/404/339 287/405/340 389/407/342
f 388/406/341 390/408/343 286/404/339
f 286/404/339 234/409/281 276/391/329
f 430/410/344 288/411/345 431/412/346
f 432/413/347 431/412/346 288/411/345
f 391/414/348 289/415/349 392/416/350
f 389/407/342 287/405/340 289/415/349 391/414/348
f 289/415/349 287/405/340 207/417/211
f 287/405/340 290/418/351 207/417/211
f 435/419/352 211/420/217 433/421/353
f 210/422/212 289/415/349 207/417/211
f 291/423/354 284/402/337 283/401/336
f 287/405/340 291/423/354 290/418/351
f 291/423/354 287/405/340 284/402/337
f 290/418/351 291/423/354 292/424/355
f 283/401/336 292/424/355 291/423/354
f 292/424/355 283/401/336 293/425/356
f 294/426/357 293/425/356 283/401/336
f 294/426/357 283/401/336 282/400/335
f 292/424/355 293/425/356 295/427/358
f 290/418/351 295/427/358 207/417/211
f 290/418/351 292/424/355 295/427/358
f 230/327/268 296/428/359 232/330/271
f 282/400/335 296/428/359 294/426/357
f 236/348/289 297/429/360 230/327/268
f 296/428/359 230/327/268 297/429/360
f 297/429/360 294/426/357 296/428/359
f 219/430/249 207/417/211 295/427/358
f 219/430/249 295/427/358 215/431/230
f 298/432/361 215/431/230 295/427/358
f 296/428/359 282/400/335 299/433/362
f 281/399/334 299/433/362 282/400/335
f 299/433/362 232/330/271 296/428/359
f 232/330/271 299/433/362 243/355/296
f 299/433/362 281/399/334 300/434/363
f 243/355/296 300/434/363 255/367/308
f 300/434/363 243/355/296 299/433/362
f 301/435/364 281/399/334 279/397/332
f 301/435/364 300/434/363 281/399/334
f 278/396/331 301/435/364 279/397/332
f 273/388/326 301/435/364 278/396/331
f 300/434/363 301/435/364 302/436/365
f 302/436/365 255/367/308 300/434/363
f 273/388/326 303/437/366 301/435/364
f 303/437/366 302/436/365 301/435/364
f 302/436/365 303/437/366 304/438/367
f 266/381/319 269/384/322 304/438/367
f 305/439/368 304/438/367 269/384/322
f 269/384/322 244/356/297 305/439/368
f 304/438/367 305/439/368 302/436/365
f 255/367/308 302/436/365 305/439/368
f 305/439/368 244/356/297 255/367/308
f 306/440/369 272/387/325 265/380/318
f 272/387/325 306/440/369 273/388/326
f 303/437/366 273/388/326 306/440/369
f 306/440/369 304/438/367 303/437/366
f 304/438/367 306/440/369 266/381/319
f 265/380/318 266/381/319 306/440/369
f 350/441/222 212/442/221 393/443/370
f 268/383/321 57/72/57 56/71/56
f 269/384/322 268/383/321 56/71/56
f 56/71/56 58/73/58 60/75/60
f 3/3/3 60/75/60 4/4/4
f 298/432/361 213/444/224 215/431/230
f 247/394/300 249/445/302 270/385/323
f 262/377/315 270/385/323 249/445/302
f 262/377/315 249/445/302 257/371/310
f 250/372/303 257/371/310 249/445/302
f 240/393/293 276/391/329 254/446/307
f 254/446/307 276/391/329 234/409/281
f 103/120/103 202/254/202 101/118/101
f 307/447/371 101/118/101 202/254/202
f 307/447/371 63/78/63 101/118/101
f 202/254/202 103/120/103 105/122/105
f 203/257/203 63/78/63 307/447/371
f 66/81/66 63/78/63 203/257/203
f 308/448/372 202/254/202 105/122/105
f 308/448/372 105/122/105 104/121/104
f 77/92/77 66/81/66 203/257/203
f 203/257/203 204/259/204 77/92/77
f 204/259/204 205/261/205 77/92/77
f 309/449/373 77/92/77 205/261/205
f 205/261/205 95/450/95 309/449/373
f 95/450/95 205/261/205 310/451/374
f 101/118/101 63/78/63 62/77/62
f 66/81/66 64/79/64 63/78/63
f 77/92/77 65/80/65 66/81/66
f 311/452/375 72/87/72 71/86/71
f 74/89/74 69/84/69 68/83/68
f 311/452/375 71/86/71 116/453/116
f 115/454/115 116/453/116 71/86/71
f 312/455/376 76/91/76 65/80/65
f 78/93/78 312/455/376 65/80/65
f 77/92/77 309/449/373 78/93/78
f 313/456/377 312/455/376 78/93/78
f 78/93/78 309/449/373 314/457/378
f 314/457/378 309/449/373 118/458/118
f 309/449/373 95/450/95 118/458/118
f 118/458/118 315/459/379 314/457/378
f 314/457/378 316/460/380 78/93/78
f 313/456/377 78/93/78 316/460/380
f 316/460/380 314/457/378 315/459/379
f 316/460/380 317/461/381 313/456/377
f 318/462/382 313/456/377 317/461/381
f 318/462/382 317/461/381 83/98/83
f 319/463/383 83/98/83 317/461/381
f 319/463/383 317/461/381 81/96/81
f 317/461/381 316/460/380 320/464/384
f 320/464/384 81/96/81 317/461/381
f 315/459/379 320/464/384 316/460/380
f 319/463/383 81/96/81 80/95/80
f 319/463/383 80/95/80 83/98/83
f 83/98/83 82/97/82 85/100/85
f 83/98/83 85/100/85 318/462/382
f 321/465/385 318/462/382 85/100/85
f 312/455/376 313/456/377 322/466/386
f 313/456/377 318/462/382 322/466/386
f 321/465/385 322/466/386 318/462/382
f 321/465/385 323/467/387 322/466/386
f 323/467/387 87/102/87 322/466/386
f 312/455/376 322/466/386 87/102/87
f 312/455/376 87/102/87 76/91/76
f 136/468/136 75/90/75 91/108/91
f 136/468/136 91/108/91 92/109/92
f 308/448/372 104/121/104 201/251/201
f 201/251/201 104/121/104 96/113/96
f 310/469/374 201/251/201 96/113/96
f 96/113/96 95/112/95 310/469/374
f 118/135/118 95/112/95 94/111/94
f 103/120/103 101/118/101 100/117/100
f 105/122/105 103/120/103 102/119/102
f 159/470/159 99/116/99 98/115/98
f 311/452/375 162/471/162 72/87/72
f 162/471/162 98/115/98 72/87/72
f 104/121/104 107/124/107 96/113/96
f 149/472/149 113/130/113 115/132/115
f 115/132/115 114/131/114 116/133/116
f 159/470/159 116/133/116 99/116/99
f 110/127/110 117/134/117 108/125/108
f 119/136/119 113/130/113 149/472/149
f 118/135/118 117/134/117 315/473/379
f 324/474/388 315/473/379 117/134/117
f 315/473/379 324/474/388 320/475/384
f 325/476/389 320/475/384 324/474/388
f 325/476/389 121/140/121 320/475/384
f 81/477/81 320/475/384 121/140/121
f 81/477/81 121/140/121 79/139/79
f 326/478/390 121/140/121 325/476/389
f 110/127/110 327/479/391 117/134/117
f 326/478/390 325/476/389 327/479/391
f 325/476/389 324/474/388 327/479/391
f 324/474/388 117/134/117 327/479/391
f 110/127/110 87/141/87 327/479/391
f 125/146/125 112/129/112 119/136/119
f 123/480/123 93/110/93 122/147/122
f 125/481/125 75/90/75 124/482/124
f 136/468/136 124/482/124 75/90/75
f 85/100/85 84/99/84 121/148/121
f 85/100/85 121/148/121 326/483/390
f 321/465/385 85/100/85 326/483/390
f 323/467/387 321/465/385 326/483/390
f 327/484/391 323/467/387 326/483/390
f 87/102/87 323/467/387 327/484/391
f 328/485/392 128/151/128 157/188/157
f 328/485/392 130/153/130 128/151/128
f 157/188/157 128/151/128 127/150/127
f 130/153/130 328/485/392 155/185/155
f 133/156/133 155/185/155 328/485/392
f 130/153/130 129/152/129 128/151/128
f 196/486/196 131/154/131 130/153/130
f 157/188/157 197/242/197 328/485/392
f 133/156/133 328/485/392 197/242/197
f 197/242/197 134/157/134 133/156/133
f 155/185/155 133/156/133 135/158/135
f 92/487/92 126/149/126 136/159/136
f 136/159/136 129/152/129 124/160/124
f 92/487/92 93/161/93 126/149/126
f 200/247/200 139/164/139 138/163/138
f 200/247/200 329/488/393 139/164/139
f 329/488/393 200/247/200 142/167/142
f 153/489/153 142/167/142 200/247/200
f 329/488/393 142/167/142 141/166/141
f 330/490/394 139/164/139 329/488/393
f 150/178/150 143/168/143 139/164/139
f 150/178/150 139/164/139 331/491/395
f 330/490/394 331/491/395 139/164/139
f 331/491/395 330/490/394 145/170/145
f 145/170/145 330/490/394 329/488/393
f 329/488/393 141/166/141 145/170/145
f 331/491/395 145/170/145 146/171/146
f 331/491/395 146/171/146 148/173/148
f 331/491/395 148/173/148 150/178/150
f 332/492/396 150/178/150 148/173/148
f 70/175/70 144/169/144 71/174/71
f 69/493/69 146/171/146 70/175/70
f 69/493/69 149/176/149 146/171/146
f 71/174/71 141/166/141 115/177/115
f 332/492/396 151/179/151 150/178/150
f 332/492/396 153/181/153 151/179/151
f 153/181/153 332/492/396 142/494/142
f 148/173/148 142/494/142 332/492/396
f 142/494/142 148/173/148 140/183/140
f 115/495/115 140/183/140 149/176/149
f 155/185/155 333/496/397 130/153/130
f 196/486/196 130/153/130 333/496/397
f 333/496/397 155/185/155 154/184/154
f 93/161/93 123/187/123 127/150/127
f 124/497/124 131/189/131 123/187/123
f 98/498/98 160/192/160 159/191/159
f 98/498/98 162/194/162 160/192/160
f 311/499/375 163/195/163 162/194/162
f 311/499/375 116/197/116 163/195/163
f 169/202/169 167/200/167 166/199/166
f 177/500/177 169/202/169 168/201/168
f 169/202/169 177/500/177 334/501/398
f 169/202/169 334/501/398 167/200/167
f 335/502/399 167/200/167 334/501/398
f 170/203/170 334/501/398 177/500/177
f 334/501/398 170/203/170 160/192/160
f 334/501/398 160/192/160 171/204/171
f 171/204/171 335/502/399 334/501/398
f 173/206/173 172/205/172 167/200/167
f 167/200/167 335/502/399 173/206/173
f 336/503/400 174/207/174 173/206/173
f 175/208/175 335/502/399 171/204/171
f 173/206/173 175/208/175 336/503/400
f 175/208/175 173/206/173 335/502/399
f 171/204/171 161/193/161 175/208/175
f 176/209/176 336/503/400 175/208/175
f 175/208/175 163/195/163 176/209/176
f 176/209/176 170/504/170 336/503/400
f 177/211/177 336/503/400 170/504/170
f 336/503/400 177/211/177 174/207/174
f 170/504/170 176/209/176 158/213/158
f 116/197/116 159/215/159 164/196/164
f 182/220/182 180/218/180 179/217/179
f 337/505/401 180/218/180 182/220/182
f 337/505/401 338/506/402 180/218/180
f 195/240/195 182/220/182 181/219/181
f 195/240/195 339/507/403 182/220/182
f 184/222/184 182/220/182 339/507/403
f 339/507/403 185/223/185 184/222/184
f 337/505/401 182/220/182 187/225/187
f 184/222/184 187/225/187 182/220/182
f 337/505/401 187/225/187 338/506/402
f 184/222/184 183/221/183 187/225/187
f 190/228/190 187/225/187 188/226/188
f 190/228/190 338/506/402 187/225/187
f 190/228/190 194/508/194 338/506/402
f 194/508/194 190/228/190 189/227/189
f 193/231/193 338/506/402 194/508/194
f 338/506/402 191/229/191 180/218/180
f 338/506/402 193/231/193 191/229/191
f 73/509/73 178/216/178 74/232/74
f 74/232/74 191/229/191 119/233/119
f 73/509/73 75/234/75 178/216/178
f 75/234/75 125/235/125 179/217/179
f 339/507/403 194/238/194 185/223/185
f 195/240/195 193/510/193 339/507/403
f 194/238/194 339/507/403 193/510/193
f 193/510/193 195/240/195 192/239/192
f 197/242/197 157/188/157 199/244/199
f 340/511/404 157/188/157 156/186/156
f 340/511/404 199/244/199 157/188/157
f 199/244/199 340/511/404 333/512/397
f 340/511/404 156/186/156 196/241/196
f 196/241/196 333/512/397 340/511/404
f 333/512/397 154/245/154 199/244/199
f 199/244/199 198/243/198 197/242/197
f 153/489/153 200/247/200 152/246/152
f 74/89/74 119/513/119 69/84/69
f 149/514/149 69/84/69 119/513/119
f 119/515/119 192/239/192 125/235/125
f 308/448/372 201/251/201 48/250/48
f 308/448/372 48/250/48 202/254/202
f 310/469/374 55/252/55 201/251/201
f 307/447/371 51/255/51 203/257/203
f 307/447/371 202/254/202 51/255/51
f 203/257/203 52/256/52 204/259/204
f 204/259/204 53/258/53 205/261/205
f 310/451/374 205/261/205 55/262/55
f 425/516/405 391/414/348 392/416/350 403/517/406
f 402/518/407 389/407/342 391/414/348 425/516/405
f 423/519/408 388/406/341 389/407/342 402/518/407
f 423/519/408 424/520/343 390/408/343 388/406/341
f 458/347/288 235/346/287 387/344/285 386/343/284 422/521/409 491/522/410
f 233/337/278 385/342/283 386/343/284
f 234/409/281 286/404/339 390/408/343 384/523/279
f 401/524/279 420/525/411 383/339/280 384/338/279
f 419/526/412 421/527/413 385/342/283 382/341/282
f 228/324/265 381/528/414 382/341/282 233/337/278
f 228/324/265 380/333/274 381/528/414
f 225/329/270 234/340/281 383/339/280 379/331/272
f 417/529/415 380/333/274 378/334/275 416/530/416
f 228/324/265 227/326/267 377/531/417 378/334/275
f 225/329/270 376/332/273 377/531/417 227/326/267
f 400/532/418 399/533/419 376/332/273 379/331/272
f 222/289/420 373/534/421 374/291/422
f 222/289/420 372/535/423 373/534/421
f 217/296/239 370/318/424 371/294/425
f 411/536/426 412/537/427 367/303/246 366/302/245
f 209/304/210 218/301/244 365/300/243 366/302/245
f 409/538/428 410/539/429 365/300/243 364/299/242
f 218/301/244 217/296/239 363/298/241 364/299/242
f 407/540/430 408/541/431 363/298/241 362/297/240
f 395/542/237 406/543/432 360/295/238 361/294/237
f 406/543/432 407/540/430 362/297/240 360/295/238
f 468/544/433 359/293/236 358/292/235 467/545/434
f 475/546/234 474/547/435 356/290/233 357/291/234
f 466/548/436 355/288/231 356/290/233 474/547/435
f 466/548/436 467/545/434 358/292/235 355/288/231
f 215/287/230 354/286/229 368/308/250 219/307/249
f 465/549/437 354/286/229 353/285/228 214/284/227 473/550/438
f 213/281/224 352/283/226 353/285/228 215/287/230
f 472/551/439 350/441/222 393/443/370 482/552/370
f 472/553/439 471/554/440 349/276/219 350/279/222
f 464/555/441 351/280/223 348/282/225 463/556/442
f 213/281/224 212/278/221 347/557/443 348/282/225
f 212/278/221 346/277/220 347/557/443
f 471/554/440 470/558/444 346/277/220 349/276/219
f 210/422/212 345/559/213 392/416/350 289/415/349
f 405/560/445 345/270/213 344/271/214 404/561/446
f 209/267/210 343/562/247 344/271/214 210/269/212
f 394/563/247 343/305/247 367/303/246 412/537/427
f 208/311/208 375/318/260 342/319/206
f 206/266/209 207/268/211 341/264/207 342/263/206
f 219/307/249 369/306/248 341/264/207 207/268/211
f 385/342/283 421/527/413 422/521/409 386/343/284
f 487/564/447 488/565/448 421/527/413 419/526/412
f 381/528/414 418/566/449 419/526/412 382/341/282
f 380/333/274 417/529/415 418/566/449 381/528/414
f 443/567/450 417/529/415 416/530/416 442/323/264
f 378/334/275 377/531/417 415/568/451 416/530/416
f 439/569/426 440/570/427 412/537/427 411/536/426
f 366/302/245 365/300/243 410/539/429 411/536/426
f 437/571/452 438/572/453 410/539/429 409/538/428
f 364/299/242 363/298/241 408/541/431 409/538/428
f 504/573/454 436/574/455 408/541/431 407/540/430 484/575/456
f 483/576/457 484/575/456 407/540/430 406/543/432
f 435/577/352 405/560/445 404/561/446 434/578/458
f 345/559/213 405/579/445 403/517/406 392/416/350
f 432/413/347 433/421/353 211/420/217
f 288/411/345 402/518/407 425/516/405
f 288/411/345 423/519/408 402/518/407
f 489/580/459 491/522/410 422/521/409
f 384/523/279 390/408/343 424/520/343 401/581/279
f 429/582/279 445/583/460 420/525/411 401/524/279
f 379/331/272 383/339/280 420/525/411 400/532/418
f 376/332/273 399/533/419 415/568/451 377/531/417
f 428/584/461 427/320/261 399/533/419 400/532/418
f 492/585/462 477/586/463 397/310/252 398/309/251
f 370/318/424 220/311/253 397/310/252 414/542/425 371/294/425
f 208/265/208 369/306/248 368/308/250 413/587/464 396/588/465
f 343/562/247 394/589/247 404/561/446 344/271/214
f 426/590/247 394/563/247 412/537/427 440/570/427
f 417/529/415 443/567/450 444/591/466 418/566/449
f 499/592/467 443/567/450 442/323/264 226/321/262 456/335/276
f 416/530/416 415/568/451 441/322/263 442/323/264
f 497/593/468 498/594/469 440/570/427 439/569/426
f 411/536/426 410/539/429 438/572/453 439/569/426
f 495/595/470 496/596/471 438/572/453 437/571/452
f 409/538/428 408/541/431 436/574/455 437/571/452
f 504/573/454 494/597/472 436/574/455
f 490/598/473 485/599/474 413/587/464
f 405/579/445 435/419/352 433/421/353 403/517/406
f 288/411/345 425/516/405 403/517/406 433/421/353 432/413/347
f 460/600/475 430/410/344 431/412/346 461/601/476
f 288/411/345 430/410/344 446/602/343 424/520/343 423/519/408
f 401/581/279 424/520/343 446/602/343 429/603/279
f 457/604/477 501/605/478 445/583/460 429/582/279
f 400/532/418 420/525/411 445/583/460 428/584/461
f 399/533/419 427/320/261 441/322/263 415/568/451
f 454/336/277 226/321/262 427/320/261 428/584/461 455/606/479
f 452/607/480 483/576/457 406/543/432 395/542/237
f 394/589/247 426/608/247 434/578/458 404/561/446
f 447/609/481 426/590/247 440/570/427 498/594/469
f 444/591/466 500/610/482 503/611/483
f 443/567/450 499/592/467 500/610/482 444/591/466
f 439/569/426 438/572/453 496/596/471 497/593/468
f 437/571/452 436/574/455 494/597/472 495/595/470
f 421/527/413 488/565/448 489/580/459 422/521/409
f 418/566/449 444/591/466 503/611/483 487/564/447 419/526/412
f 372/535/423 479/612/423 478/314/256 221/313/255 373/534/421
f 414/542/425 397/310/252 477/586/463 486/613/425
f 396/588/465 413/587/464 485/599/474 476/614/484
f 373/534/421 221/313/255 480/316/258 469/546/422 374/291/422
f 354/286/229 465/549/437 490/598/473 413/587/464 368/308/250
f 348/282/225 347/557/443 462/615/485 463/556/442
f 346/277/220 470/558/444 462/615/485 347/557/443
f 430/410/344 460/600/475 502/616/486 446/602/343
f 429/603/279 446/602/343 502/616/486 457/617/477
f 428/584/461 445/583/460 501/605/478 455/606/479
f 214/284/227 352/283/226 351/280/223 464/555/441 451/618/487
f 211/420/217 450/619/218 461/601/476 431/412/346 432/413/347
f 211/274/217 435/577/352 434/578/458 493/620/488 448/272/215
f 426/608/247 447/621/481 493/620/488 434/578/458
o 24_+hero-thor01-s06-wp02.hero-thor01-s06-wp02_0.3_0_0
o 24_hero-captainAmerica-s07-1_0.4_0_0.001
o 24_hero-captainAmerica-s07-1_0.4_0_0.002
o 24_hero-captainAmerica-s07-1_0.4_0_0.003
o 24_hero-captainAmerica-s07-1_0.4_0_0.004
o 24_hero-captainAmerica-s07-1_0.4_0_0.005
o 24_hero-captainAmerica-s07-1_0.4_0_0.006
o 24_hero-captainAmerica-s07-1_0.4_0_0.007
o 24_hero-captainAmerica-s07-1_0.4_0_0.008
o 24_hero-captainAmerica-s07-1_0.4_0_0.009
o 24_hero-captainAmerica-s07-1_0.4_0_0.010
v 0.228903 1.426615 0.042437
v 0.226535 1.437068 0.053044
v 0.221263 1.419145 0.049023
v 0.220602 1.421979 0.052229
v 0.218894 1.429559 0.059908
v 0.219907 1.421591 0.053050
v 0.218167 1.428845 0.060561
v 0.220659 1.418554 0.049544
v 0.217789 1.420408 0.055548
v 0.216107 1.426820 0.062412
v 0.218783 1.416719 0.051161
v 0.214448 1.418542 0.059490
v 0.213397 1.424158 0.064846
v 0.215440 1.413450 0.054044
vn 0.7874 -0.3727 0.4911
vn 0.7902 -0.3456 0.5062
vn 0.7893 -0.3556 0.5005
vn 0.7903 -0.3389 0.5104
vn 0.7903 -0.3390 0.5104
vn 0.7893 -0.3557 0.5004
vn 0.7873 -0.3728 0.4911
vn 0.7894 -0.3557 0.5004
vn 0.7871 -0.3726 0.4916
vn 0.7893 -0.3520 0.5030
vn 0.7909 -0.3390 0.5095
vt 0.569304 0.780065
vt 0.583212 0.780065
vt 0.569171 0.783008
vt 0.583212 0.790747
vt 0.569185 0.790747
vt 0.568203 0.780065
vt 0.567995 0.783254
vt 0.567849 0.790746
vt 0.564789 0.780065
vt 0.564413 0.784005
vt 0.564067 0.790746
vt 0.558702 0.780065
vt 0.558762 0.785189
vt 0.559093 0.790746
s 1
usemtl 24_hero-captainAmerica-s07-1_0.4_0_0
f 507/622/489 505/623/490 508/624/491
f 506/625/492 509/626/493 508/624/491 505/623/490
f 512/627/489 507/622/489 508/624/491 510/628/494
f 509/626/493 511/629/493 510/628/494 508/624/491
f 515/630/495 512/627/489 510/628/494 513/631/496
f 511/629/493 514/632/493 513/631/496 510/628/494
f 518/633/497 515/630/495 513/631/496 516/634/498
f 514/632/493 517/635/499 516/634/498 513/631/496
o 24_hero-captainAmerica-s07-1_0.4_0_0.011
o 24_hero-captainAmerica-s07-1_0.4_0_0.012
v 0.216674 1.439166 0.048171
v 0.226535 1.437068 0.053044
v 0.218147 1.438853 0.048899
v 0.218709 1.431967 0.056925
v 0.218894 1.429559 0.059908
v 0.217167 1.439061 0.048415
v 0.217921 1.431453 0.057316
v 0.218167 1.428845 0.060561
v 0.214772 1.437335 0.049791
v 0.215712 1.430013 0.058411
v 0.216107 1.426820 0.062412
v 0.212839 1.435475 0.051437
v 0.213201 1.428376 0.059656
v 0.213397 1.424158 0.064846
vn -0.1622 0.7431 0.6492
vn -0.1737 0.7515 0.6365
vn -0.1669 0.7458 0.6449
vn -0.1852 0.7586 0.6247
vn -0.1850 0.7586 0.6247
vn -0.1740 0.7510 0.6370
vn -0.1621 0.7431 0.6492
vn -0.1851 0.7586 0.6247
vn -0.1863 0.7588 0.6242
vn -0.1791 0.7543 0.6317
vn -0.1628 0.7429 0.6494
vn -0.1627 0.7429 0.6494
vn -0.1625 0.7429 0.6494
vt 0.583200 0.805363
vt 0.572506 0.803414
vt 0.583200 0.802776
vt 0.569173 0.802776
vt 0.567838 0.802776
vt 0.571428 0.803478
vt 0.583200 0.805666
vt 0.564056 0.802776
vt 0.568409 0.803659
vt 0.559082 0.802776
vt 0.564979 0.803863
vt 0.583200 0.805818
vt 0.579667 0.805818
vt 0.576076 0.805817
s 1
usemtl 24_hero-captainAmerica-s07-1_0.4_0_0
f 521/636/500 522/637/501 520/638/502
f 523/639/503 520/638/502 522/637/501
f 526/640/504 523/639/503 522/637/501 525/641/505
f 524/642/506 525/641/505 522/637/501 521/636/500
f 529/643/507 526/640/504 525/641/505 528/644/505
f 532/645/508 529/643/507 528/644/505 531/646/509
f 519/647/510 527/648/511 528/644/505 525/641/505 524/642/506
f 527/648/511 530/649/512 531/646/509 528/644/505
o 24_hero-captainAmerica-s07-1_0.4_0_0.013
v 0.219693 1.428334 0.037789
v 0.216674 1.439166 0.048171
v 0.228903 1.426615 0.042437
v 0.226535 1.437068 0.053044
v 0.220544 1.428175 0.038219
v 0.218498 1.437294 0.047316
v 0.218147 1.438853 0.048899
v 0.217293 1.438531 0.047881
v 0.217167 1.439061 0.048415
vn 0.4260 0.6851 -0.5909
vn 0.4299 0.6867 -0.5862
vn 0.4292 0.6864 -0.5871
vn 0.4338 0.6883 -0.5815
vn 0.4300 0.6867 -0.5862
vn 0.4309 0.6870 -0.5851
vn 0.4338 0.6883 -0.5814
vt 0.592146 0.780218
vt 0.591976 0.789274
vt 0.589434 0.779702
vt 0.592273 0.790924
vt 0.592271 0.790382
vt 0.592422 0.790952
vt 0.589433 0.790383
vt 0.591976 0.790867
vt 0.592422 0.780270
s 1
usemtl 24_hero-captainAmerica-s07-1_0.4_0_0
f 537/650/513 538/651/514 535/652/515
f 541/653/516 540/654/517 534/655/518
f 536/656/519 535/652/515 538/651/514 539/657/516
f 533/658/513 534/655/518 540/654/517
f 539/657/516 538/651/514 540/654/517 541/653/516
f 537/650/513 533/658/513 540/654/517 538/651/514
o 24_hero-captainAmerica-s07-1_0.4_0_0.014
v 0.219693 1.428334 0.037789
v 0.228903 1.426615 0.042437
v 0.221263 1.419145 0.049023
v 0.220544 1.428175 0.038219
v 0.220659 1.418554 0.049544
v 0.217590 1.426198 0.039611
v 0.217705 1.425255 0.040835
v 0.218783 1.416719 0.051162
v 0.215061 1.421161 0.044885
v 0.215440 1.413450 0.054044
v 0.214957 1.423523 0.041893
vn 0.2445 -0.7567 -0.6064
vn 0.1901 -0.7494 -0.6342
vn 0.2135 -0.7532 -0.6222
vn 0.1821 -0.7485 -0.6377
vn 0.1820 -0.7485 -0.6377
vn 0.1824 -0.7482 -0.6379
vn 0.2445 -0.7567 -0.6063
vn 0.1916 -0.7500 -0.6331
vt 0.579405 0.795390
vt 0.583402 0.795390
vt 0.578009 0.795712
vt 0.583402 0.798432
vt 0.569494 0.798432
vt 0.583402 0.795671
vt 0.568394 0.798432
vt 0.564979 0.798432
vt 0.574399 0.795390
vt 0.570837 0.796140
vt 0.558893 0.798432
s 1
usemtl 24_hero-captainAmerica-s07-1_0.4_0_0
f 547/659/520 542/660/521 548/661/522
f 543/662/523 544/663/524 545/664/525
f 544/663/524 546/665/523 542/660/521 545/664/525
f 546/665/523 549/666/523 548/661/522 542/660/521
f 552/667/526 547/659/520 548/661/522 550/668/527
f 549/666/523 551/669/523 550/668/527 548/661/522
o 24_hero-captainAmerica-s07-1_0.4_0_0.015
o 24_hero-captainAmerica-s07-1_0.4_0_0.016
o 24_hero-captainAmerica-s07-1_0.4_0_0.017
o 24_hero-captainAmerica-s07-1_0.4_0_0.018
o 24_hero-captainAmerica-s07-1_0.4_0_0.019
o 24_hero-captainAmerica-s07-1_0.4_0_0.020
o 24_hero-captainAmerica-s07-1_0.4_0_0.021
o 24_hero-captainAmerica-s07-1_0.4_0_0.022
o 24_hero-captainAmerica-s07-1_0.4_0_0.023
o 24_hero-captainAmerica-s07-1_0.4_0_0.024
o 24_hero-captainAmerica-s07-1_0.4_0_0.025
o 24_hero-captainAmerica-s07-1_0.4_0_0.026
o 24_hero-captainAmerica-s07-1_0.4_0_0.027
o 24_hero-captainAmerica-s07-1_0.4_0_0.028
o 24_hero-captainAmerica-s07-1_0.4_0_0.029
o 24_hero-captainAmerica-s07-1_0.4_0_0.030
o 24_hero-captainAmerica-s07-1_0.4_0_0.031
o 24_hero-captainAmerica-s07-1_0.4_0_0.032
o 24_hero-captainAmerica-s07-1_0.4_0_0.033
o 24_hero-captainAmerica-s07-1_0.4_0_0.034
o 24_hero-captainAmerica-s07-1_0.4_0_0.035
o 24_hero-captainAmerica-s07-1_0.4_0_0.036
o 24_hero-captainAmerica-s07-1_0.4_0_0.037
o 24_hero-captainAmerica-s07-1_0.4_0_0.038
o 24_hero-captainAmerica-s07-1_0.4_0_0.039
o 24_hero-captainAmerica-s07-1_0.4_0_0.040
o 24_hero-captainAmerica-s07-1_0.4_0_0.041
o 24_hero-captainAmerica-s07-1_0.4_0_0.042
o 24_hero-captainAmerica-s07-1_0.4_0_0.043
o 24_hero-captainAmerica-s07-1_0.4_0_0.044
o 24_hero-captainAmerica-s07-1_0.4_0_0.045
o 24_hero-captainAmerica-s07-1_0.4_0_0.046
o 24_hero-captainAmerica-s07-1_0.4_0_0.047
o 24_hero-captainAmerica-s07-1_0.4_0_0.048
o 24_hero-captainAmerica-s07-1_0.4_0_0.049
o 24_hero-captainAmerica-s07-1_0.4_0_0.050
o 24_hero-captainAmerica-s07-1_0.4_0_0.051
o 24_hero-captainAmerica-s07-1_0.4_0_0.052
o 24_hero-captainAmerica-s07-1_0.4_0_0.053
o 24_hero-captainAmerica-s07-1_0.4_0_0.054
o 24_hero-captainAmerica-s07-1_0.4_0_0.055
o 24_hero-captainAmerica-s07-1_0.4_0_0.056
o 24_hero-captainAmerica-s07-1_0.4_0_0.057
o 24_hero-captainAmerica-s07-1_0.4_0_0.058
o 24_hero-captainAmerica-s07-1_0.4_0_0.059
o 24_hero-captainAmerica-s07-1_0.4_0_0.060
o 24_hero-captainAmerica-s07-1_0.4_0_0.061
o 24_hero-captainAmerica-s07-1_0.4_0_0.062
o 24_hero-captainAmerica-s07-1_0.4_0_0.063
o 24_hero-captainAmerica-s07-1_0.4_0_0.064
o 24_hero-captainAmerica-s07-1_0.4_0_0.065
o 24_hero-captainAmerica-s07-1_0.4_0_0.066
o 24_hero-captainAmerica-s07-1_0.4_0_0.067
o 24_hero-captainAmerica-s07-1_0.4_0_0.068
o 24_hero-captainAmerica-s07-1_0.4_0_0.069
o 24_hero-captainAmerica-s07-1_0.4_0_0.070
o 24_hero-captainAmerica-s07-1_0.4_0_0.071
v 0.277179 1.564817 -0.080552
v 0.299513 1.543057 -0.080159
v 0.246134 1.548038 -0.133088
v 0.274262 1.563873 -0.012906
v 0.252482 1.581274 -0.076851
v 0.228024 1.578278 -0.109452
v 0.242125 1.587605 -0.029711
v 0.232416 1.589691 -0.072884
v 0.206621 1.600639 -0.066757
v 0.223017 1.590603 -0.006172
v 0.255516 1.557764 0.014481
v 0.298086 1.540591 -0.007903
v 0.289220 1.529607 0.021282
v 0.321667 1.515815 -0.026284
v 0.318333 1.494003 -0.002436
v 0.341014 1.465889 -0.027435
v 0.335376 1.494860 -0.035810
v 0.341174 1.462708 -0.074214
v 0.335497 1.494171 -0.079056
v 0.317484 1.480875 -0.115357
v 0.331225 1.452811 -0.119785
v 0.295530 1.497832 -0.126803
v 0.282466 1.476833 -0.140650
v 0.239957 1.499576 -0.158832
v 0.219119 1.539680 -0.150284
v 0.264014 1.516660 -0.145608
v 0.321642 1.519435 -0.081143
v 0.204999 1.585943 -0.105382
v 0.211538 1.558668 -0.138974
v 0.208340 1.574420 -0.128348
v 0.207630 1.577539 -0.125073
v 0.204738 1.583587 -0.111575
v 0.206828 1.575475 -0.128158
v 0.206434 1.577496 -0.125989
v 0.208312 1.566750 -0.134160
vn 0.6028 0.7540 -0.2612
vn 0.5877 0.7618 0.2725
vn 0.6927 0.6682 -0.2715
vn 0.4561 0.6080 -0.6499
vn 0.4693 0.8558 -0.2176
vn 0.4394 0.8922 0.1041
vn 0.3912 0.8056 -0.4450
vn 0.3481 0.9196 -0.1824
vn 0.3189 0.9353 -0.1535
vn 0.2385 0.9043 -0.3541
vn 0.3330 0.8155 -0.4733
vn 0.3900 0.8840 0.2577
vn 0.4931 0.7263 0.4789
vn 0.7101 0.6433 0.2861
vn 0.6691 0.5972 0.4423
vn 0.8253 0.5137 0.2346
vn 0.8342 0.3438 0.4311
vn 0.9501 0.2493 0.1876
vn 0.9130 0.3506 0.2086
vn 0.9550 0.2144 -0.2048
vn 0.9171 0.3022 -0.2601
vn 0.7384 0.4022 -0.5413
vn 0.7652 0.4235 -0.4849
vn 0.5909 0.3816 -0.7108
vn 0.4873 0.2488 -0.8371
vn 0.3699 0.2315 -0.8998
vn 0.3092 0.5023 -0.8075
vn 0.5109 0.3220 -0.7971
vn 0.7662 0.5730 -0.2908
vn 0.3643 0.6429 -0.6738
vn 0.3057 0.5744 -0.7594
vn 0.3587 0.7848 -0.5054
vn 0.3874 0.6690 -0.6343
vt 0.773567 0.780715
vt 0.723065 0.771659
vt 0.779188 0.757950
vt 0.818000 0.799711
vt 0.766509 0.802319
vt 0.728582 0.805942
vt 0.792426 0.821868
vt 0.761057 0.818937
vt 0.753696 0.843314
vt 0.788291 0.841357
vt 0.806001 0.837484
vt 0.704581 0.816595
vt 0.696399 0.774103
vt 0.725732 0.744950
vt 0.702829 0.737827
vt 0.746426 0.721887
vt 0.727270 0.703263
vt 0.754858 0.679368
vt 0.758730 0.704624
vt 0.796843 0.688789
vt 0.791423 0.713617
vt 0.824389 0.720852
vt 0.836969 0.698089
vt 0.828256 0.744891
vt 0.851928 0.743580
vt 0.859892 0.785325
vt 0.837567 0.816728
vt 0.836586 0.775822
vt 0.786209 0.734331
vt 0.809358 0.836096
vt 0.822877 0.828551
vt 0.793838 0.841043
vt 0.806796 0.838400
vt 0.809013 0.837552
vt 0.816626 0.833583
s 1
usemtl 24_hero-captainAmerica-s07-1_0.4_0_0
f 553/670/528 556/671/529 554/672/530
f 553/670/528 554/672/530 555/673/531
f 553/670/528 555/673/531 557/674/532
f 553/670/528 557/674/532 556/671/529
f 559/675/533 556/671/529 557/674/532
f 558/676/534 557/674/532 555/673/531
f 560/677/535 557/674/532 558/676/534
f 560/677/535 559/675/533 557/674/532
f 560/677/535 561/678/536 559/675/533
f 560/677/535 558/676/534 561/678/536
f 580/679/537 561/678/536 558/676/534 583/680/538
f 562/681/539 559/675/533 561/678/536
f 559/675/533 562/681/539 556/671/529
f 563/682/540 556/671/529 562/681/539
f 556/671/529 563/682/540 564/683/541
f 565/684/542 564/683/541 563/682/540
f 564/683/541 565/684/542 566/685/543
f 567/686/544 566/685/543 565/684/542
f 567/686/544 568/687/545 566/685/543
f 569/688/546 566/685/543 568/687/545
f 568/687/545 570/689/547 569/688/546
f 571/690/548 569/688/546 570/689/547
f 571/690/548 570/689/547 572/691/549
f 573/692/550 572/691/549 570/689/547
f 572/691/549 573/692/550 574/693/551
f 575/694/552 574/693/551 573/692/550
f 575/694/552 576/695/553 574/693/551
f 576/695/553 577/696/554 578/697/555
f 578/697/555 574/693/551 576/695/553
f 555/673/531 578/697/555 577/696/554
f 578/697/555 555/673/531 554/672/530
f 578/697/555 554/672/530 574/693/551
f 579/698/556 574/693/551 554/672/530
f 574/693/551 579/698/556 572/691/549
f 571/690/548 572/691/549 579/698/556
f 571/690/548 579/698/556 569/688/546
f 566/685/543 569/688/546 579/698/556
f 579/698/556 554/672/530 566/685/543
f 564/683/541 566/685/543 554/672/530
f 564/683/541 554/672/530 556/671/529
f 558/676/534 555/673/531 582/699/557 583/680/538
f 577/696/554 581/700/558 582/699/557 555/673/531
f 584/701/537 580/679/537 583/680/538 586/702/559
f 583/680/538 582/699/557 585/703/560 586/702/559
f 581/700/558 587/704/558 585/703/560 582/699/557
o 24_hero-captainAmerica-s07-1_0.4_0_0.072
v 0.446868 1.269421 -0.114301
v 0.433311 1.251682 -0.119847
v 0.429150 1.318592 -0.108176
v 0.387039 1.288617 -0.135120
v 0.414813 1.341123 -0.106129
v 0.366405 1.310912 -0.132033
v 0.378705 1.351668 -0.114961
v 0.351517 1.328658 -0.130065
v 0.350270 1.268918 -0.103480
v 0.335498 1.307008 -0.103967
v 0.364611 1.257758 -0.101144
v 0.421409 1.239042 -0.114836
vn 0.1622 0.1793 -0.9703
vn 0.1760 -0.0967 -0.9796
vn 0.3630 0.2511 -0.8973
vn -0.0365 -0.1212 -0.9920
vn 0.3164 0.3099 -0.8966
vn -0.1468 -0.0143 -0.9891
vn 0.2921 0.2932 -0.9104
vn -0.1801 0.0128 -0.9836
vn -0.6977 -0.2790 -0.6598
vn -0.4687 -0.4523 -0.7587
vn -0.3452 -0.5700 -0.7456
vn -0.1427 -0.4580 -0.8774
vt 0.896164 0.526102
vt 0.913348 0.526004
vt 0.870136 0.562603
vt 0.910262 0.571185
vt 0.857083 0.583580
vt 0.908033 0.596835
vt 0.874273 0.612369
vt 0.906229 0.618037
vt 0.935823 0.614508
vt 0.953799 0.586555
vt 0.946102 0.566991
vt 0.928210 0.525577
s 1
usemtl 24_hero-captainAmerica-s07-1_0.4_0_0
f 588/705/561 589/706/562 590/707/563
f 591/708/564 590/707/563 589/706/562
f 590/707/563 591/708/564 592/709/565
f 593/710/566 592/709/565 591/708/564
f 592/709/565 593/710/566 594/711/567
f 595/712/568 594/711/567 593/710/566
f 597/713/569 595/712/568 596/714/570
f 593/710/566 596/714/570 595/712/568
f 598/715/571 596/714/570 591/708/564
f 593/710/566 591/708/564 596/714/570
f 598/715/571 591/708/564 599/716/572
f 589/706/562 599/716/572 591/708/564
o 24_hero-captainAmerica-s07-1_0.4_0_0.073
v 0.249884 1.553186 0.015440
v 0.255516 1.557764 0.014481
v 0.217267 1.585842 -0.004253
vn -0.1603 0.3873 0.9079
vt 0.694447 0.775049
vt 0.696399 0.774103
vt 0.702668 0.818049
s 1
usemtl 24_hero-captainAmerica-s07-1_0.4_0_0
f 600/717/573 601/718/573 602/719/573
o 24_hero-captainAmerica-s07-1_0.4_0_0.074
v 0.223017 1.590603 -0.006172
v 0.217267 1.585842 -0.004253
v 0.255516 1.557764 0.014481
vn -0.0905 0.4644 0.8810
vt 0.704581 0.816595
vt 0.702668 0.818049
vt 0.696399 0.774103
s 1
usemtl 24_hero-captainAmerica-s07-1_0.4_0_0
f 603/720/574 604/721/574 605/722/574
o 24_hero-captainAmerica-s07-1_0.4_0_0.075
v 0.283796 1.524534 0.022525
v 0.289220 1.529607 0.021282
v 0.249884 1.553186 0.015440
v 0.255516 1.557764 0.014481
vn -0.0010 0.2390 0.9710
vn -0.0010 0.2389 0.9710
vn -0.0129 0.2202 0.9754
vt 0.701001 0.737596
vt 0.702829 0.737827
vt 0.694447 0.775049
vt 0.696399 0.774103
s 1
usemtl 24_hero-captainAmerica-s07-1_0.4_0_0
f 606/723/575 607/724/576 608/725/575
f 609/726/577 608/725/575 607/724/576
o 24_hero-captainAmerica-s07-1_0.4_0_0.076
v 0.312784 1.488567 -0.002161
v 0.318333 1.494003 -0.002436
v 0.283796 1.524534 0.022525
vn 0.3547 -0.3177 0.8794
vt 0.725917 0.701484
vt 0.727270 0.703263
vt 0.701001 0.737596
s 1
usemtl 24_hero-captainAmerica-s07-1_0.4_0_0
f 610/727/578 611/728/578 612/729/578
o 24_hero-captainAmerica-s07-1_0.4_0_0.077
v 0.289220 1.529607 0.021282
v 0.283796 1.524534 0.022525
v 0.318333 1.494003 -0.002436
vn 0.4224 -0.2373 0.8748
vt 0.702829 0.737827
vt 0.701001 0.737596
vt 0.727270 0.703263
s 1
usemtl 24_hero-captainAmerica-s07-1_0.4_0_0
f 613/730/579 614/731/579 615/732/579
o 24_hero-captainAmerica-s07-1_0.4_0_0.078
v 0.335493 1.460217 -0.026075
v 0.341014 1.465889 -0.027435
v 0.312784 1.488567 -0.002161
vn 0.4987 -0.2896 0.8169
vt 0.754218 0.676859
vt 0.754858 0.679368
vt 0.725917 0.701484
s 1
usemtl 24_hero-captainAmerica-s07-1_0.4_0_0
f 616/733/580 617/734/580 618/735/580
o 24_hero-captainAmerica-s07-1_0.4_0_0.079
v 0.318333 1.494003 -0.002436
v 0.312784 1.488567 -0.002161
v 0.341014 1.465889 -0.027435
vn 0.4213 -0.3887 0.8194
vt 0.727270 0.703263
vt 0.725917 0.701484
vt 0.754858 0.679368
s 1
usemtl 24_hero-captainAmerica-s07-1_0.4_0_0
f 619/736/581 620/737/581 621/738/581
o 24_hero-captainAmerica-s07-1_0.4_0_0.080
v 0.334414 1.455034 -0.072526
v 0.341174 1.462708 -0.074214
v 0.335493 1.460217 -0.026075
vn 0.7553 -0.6531 0.0553
vt 0.798064 0.685934
vt 0.796843 0.688789
vt 0.754218 0.676859
s 1
usemtl 24_hero-captainAmerica-s07-1_0.4_0_0
f 622/739/582 623/740/582 624/741/582
o 24_hero-captainAmerica-s07-1_0.4_0_0.081
v 0.341014 1.465889 -0.027435
v 0.335493 1.460217 -0.026075
v 0.341174 1.462708 -0.074214
vn 0.7217 -0.6905 0.0494
vt 0.754858 0.679368
vt 0.754218 0.676859
vt 0.796843 0.688789
s 1
usemtl 24_hero-captainAmerica-s07-1_0.4_0_0
f 625/742/583 626/743/583 627/744/583
o 24_hero-captainAmerica-s07-1_0.4_0_0.082
v 0.328242 1.446547 -0.118484
v 0.331225 1.452811 -0.119785
v 0.334414 1.455034 -0.072526
vn 0.8988 -0.4364 -0.0401
vt 0.838652 0.696240
vt 0.836969 0.698089
vt 0.798064 0.685934
s 1
usemtl 24_hero-captainAmerica-s07-1_0.4_0_0
f 628/745/584 629/746/584 630/747/584
o 24_hero-captainAmerica-s07-1_0.4_0_0.083
v 0.341174 1.462708 -0.074214
v 0.334414 1.455034 -0.072526
v 0.331225 1.452811 -0.119785
vn 0.7482 -0.6632 -0.0193
vt 0.796843 0.688789
vt 0.798064 0.685934
vt 0.836969 0.698089
s 1
usemtl 24_hero-captainAmerica-s07-1_0.4_0_0
f 631/748/585 632/749/585 633/750/585
o 24_hero-captainAmerica-s07-1_0.4_0_0.084
v 0.277771 1.471822 -0.136855
v 0.282466 1.476833 -0.140650
v 0.328242 1.446547 -0.118484
v 0.239957 1.499576 -0.158832
vn -0.0049 -0.5955 -0.8034
vn -0.0049 -0.5953 -0.8035
vn 0.0158 -0.6075 -0.7941
vn -0.0049 -0.5954 -0.8034
vt 0.851928 0.743580
vt 0.854393 0.744140
vt 0.859892 0.785325
vt 0.838652 0.696240
s 1
usemtl 24_hero-captainAmerica-s07-1_0.4_0_0
f 635/751/586 634/752/587 637/753/588
f 634/752/587 635/751/586 636/754/589
o 24_hero-captainAmerica-s07-1_0.4_0_0.085
v 0.331225 1.452811 -0.119785
v 0.328242 1.446547 -0.118484
v 0.282466 1.476833 -0.140650
vn 0.2427 -0.3067 -0.9203
vt 0.836969 0.698089
vt 0.838652 0.696240
vt 0.851928 0.743580
s 1
usemtl 24_hero-captainAmerica-s07-1_0.4_0_0
f 638/755/590 639/756/590 640/757/590
o 24_hero-captainAmerica-s07-1_0.4_0_0.086
v 0.234203 1.495289 -0.154232
v 0.239957 1.499576 -0.158832
v 0.277771 1.471822 -0.136855
vn -0.0736 -0.6789 -0.7305
vn -0.0737 -0.6790 -0.7305
vn -0.0736 -0.6790 -0.7305
vt 0.862251 0.786890
vt 0.859892 0.785325
vt 0.854393 0.744140
s 1
usemtl 24_hero-captainAmerica-s07-1_0.4_0_0
f 641/758/591 642/759/592 643/760/593
o 24_hero-captainAmerica-s07-1_0.4_0_0.087
v 0.213636 1.535747 -0.146811
v 0.219119 1.539680 -0.150284
v 0.234203 1.495289 -0.154232
v 0.215552 1.537121 -0.148025
v 0.216727 1.529666 -0.147927
vn -0.4872 -0.0868 -0.8690
vn -0.4878 -0.0870 -0.8686
vn -0.4877 -0.0869 -0.8687
vn -0.4869 -0.0868 -0.8691
vn -0.4877 -0.0870 -0.8686
vt 0.838748 0.817788
vt 0.837567 0.816728
vt 0.862251 0.786890
vt 0.842820 0.813627
vt 0.839383 0.818357
s 1
usemtl 24_hero-captainAmerica-s07-1_0.4_0_0
f 647/761/594 645/762/595 646/763/596 648/764/597
f 644/765/598 647/761/594 648/764/597
o 24_hero-captainAmerica-s07-1_0.4_0_0.088
v 0.239957 1.499576 -0.158832
v 0.234203 1.495289 -0.154232
v 0.219119 1.539680 -0.150284
vn -0.5633 -0.1172 -0.8179
vn -0.5633 -0.1174 -0.8179
vt 0.859892 0.785325
vt 0.862251 0.786890
vt 0.837567 0.816728
s 1
usemtl 24_hero-captainAmerica-s07-1_0.4_0_0
f 649/766/599 650/767/599 651/768/600
o 24_hero-captainAmerica-s07-1_0.4_0_0.089
v 0.213636 1.535747 -0.146811
v 0.211760 1.543903 -0.143091
v 0.212636 1.538180 -0.145507
vn -0.3856 0.3081 -0.8697
vt 0.837461 0.819916
vt 0.833313 0.822637
vt 0.839383 0.818357
s 1
usemtl 24_hero-captainAmerica-s07-1_0.4_0_0
f 654/769/601 653/770/601 652/771/601
o 24_hero-captainAmerica-s07-1_0.4_0_0.090
v 0.219119 1.539680 -0.150284
v 0.213636 1.535747 -0.146811
v 0.215552 1.537121 -0.148025
v 0.211538 1.558668 -0.138974
v 0.208312 1.566750 -0.134160
v 0.211760 1.543903 -0.143091
vn -0.6231 0.2014 -0.7558
vn -0.6231 0.2014 -0.7557
vt 0.837567 0.816728
vt 0.838748 0.817788
vt 0.822877 0.828551
vt 0.839383 0.818357
vt 0.833313 0.822637
vt 0.816626 0.833583
s 1
usemtl 24_hero-captainAmerica-s07-1_0.4_0_0
f 655/772/602 657/773/602 658/774/603
f 657/773/602 656/775/603 660/776/603 659/777/603 658/774/603
o 24_hero-captainAmerica-s07-1_0.4_0_0.091
v 0.200841 1.597063 -0.064493
v 0.206621 1.600639 -0.066757
v 0.200769 1.596366 -0.066297
v 0.203384 1.589825 -0.090237
v 0.200622 1.594959 -0.069937
v 0.202957 1.588398 -0.093337
vn -0.5812 0.7666 -0.2730
vn -0.5811 0.7667 -0.2730
vt 0.753119 0.845686
vt 0.753696 0.843314
vt 0.775686 0.842879
vt 0.754764 0.845585
vt 0.778590 0.842822
vt 0.758083 0.845382
s 1
usemtl 24_hero-captainAmerica-s07-1_0.4_0_0
f 661/778/604 662/779/604 664/780/605 663/781/604
f 663/781/604 664/780/605 666/782/605 665/783/605
o 24_hero-captainAmerica-s07-1_0.4_0_0.092
v 0.206621 1.600639 -0.066757
v 0.204999 1.585943 -0.105382
v 0.203384 1.589825 -0.090237
v 0.202957 1.588398 -0.093337
v 0.204738 1.583587 -0.111575
vn -0.6199 0.7417 -0.2562
vn -0.6198 0.7418 -0.2562
vt 0.788291 0.841357
vt 0.775686 0.842879
vt 0.753696 0.843314
vt 0.793838 0.841043
vt 0.778590 0.842822
s 1
usemtl 24_hero-captainAmerica-s07-1_0.4_0_0
f 668/784/606 669/785/607 667/786/607
f 671/787/606 670/788/606 669/785/607 668/784/606
o 24_hero-captainAmerica-s07-1_0.4_0_0.093
v 0.217267 1.585842 -0.004253
v 0.223017 1.590603 -0.006172
v 0.200841 1.597063 -0.064493
vn -0.5489 0.7820 0.2953
vt 0.702668 0.818049
vt 0.704581 0.816595
vt 0.753119 0.845686
s 1
usemtl 24_hero-captainAmerica-s07-1_0.4_0_0
f 672/789/608 673/790/608 674/791/608
o 24_hero-captainAmerica-s07-1_0.4_0_0.094
v 0.206621 1.600639 -0.066757
v 0.200841 1.597063 -0.064493
v 0.223017 1.590603 -0.006172
vn -0.4323 0.8634 0.2600
vt 0.753696 0.843314
vt 0.753119 0.845686
vt 0.704581 0.816595
s 1
usemtl 24_hero-captainAmerica-s07-1_0.4_0_0
f 675/792/609 676/793/609 677/794/609
o 24_hero-captainAmerica-s07-1_0.4_0_0.095
v 0.439880 1.292666 -0.106144
v 0.429150 1.318592 -0.108176
v 0.416254 1.343194 -0.099592
vn 0.8926 0.3875 0.2305
vt 0.880977 0.542268
vt 0.870136 0.562603
vt 0.853104 0.582864
s 1
usemtl 24_hero-captainAmerica-s07-1_0.4_0_0
f 678/795/610 679/796/610 680/797/610
o 24_hero-captainAmerica-s07-1_0.4_0_0.096
v 0.414813 1.341123 -0.106129
v 0.416254 1.343194 -0.099592
v 0.429150 1.318592 -0.108176
vn 0.7795 0.5268 -0.3388
vt 0.857083 0.583580
vt 0.853104 0.582864
vt 0.870136 0.562603
s 1
usemtl 24_hero-captainAmerica-s07-1_0.4_0_0
f 681/798/611 682/799/611 683/800/611
o 24_hero-captainAmerica-s07-1_0.4_0_0.097
v 0.446868 1.269421 -0.114301
v 0.429150 1.318592 -0.108176
v 0.439880 1.292666 -0.106144
vn 0.9038 0.3554 -0.2383
vt 0.896164 0.526102
vt 0.870136 0.562603
vt 0.880977 0.542268
s 1
usemtl 24_hero-captainAmerica-s07-1_0.4_0_0
f 684/801/612 685/802/612 686/803/612
o 24_hero-captainAmerica-s07-1_0.4_0_0.098
v 0.435256 1.249871 -0.115206
v 0.433311 1.251682 -0.119847
v 0.439880 1.292666 -0.106144
vn 0.9198 -0.0164 -0.3920
vt 0.913251 0.523245
vt 0.913348 0.526004
vt 0.880977 0.542268
s 1
usemtl 24_hero-captainAmerica-s07-1_0.4_0_0
f 687/804/613 688/805/613 689/806/613
o 24_hero-captainAmerica-s07-1_0.4_0_0.099
v 0.446868 1.269421 -0.114301
v 0.439880 1.292666 -0.106144
v 0.433311 1.251682 -0.119847
vn 0.0341 -0.3218 0.9462
vt 0.896164 0.526102
vt 0.880977 0.542268
vt 0.913348 0.526004
s 1
usemtl 24_hero-captainAmerica-s07-1_0.4_0_0
f 690/807/614 691/808/614 692/809/614
o 24_hero-captainAmerica-s07-1_0.4_0_0.100
v 0.423858 1.236620 -0.109949
v 0.421409 1.239042 -0.114836
v 0.435256 1.249871 -0.115206
vn 0.4956 -0.6534 -0.5723
vt 0.929613 0.522549
vt 0.928210 0.525577
vt 0.913251 0.523245
s 1
usemtl 24_hero-captainAmerica-s07-1_0.4_0_0
f 693/810/615 694/811/615 695/812/615
o 24_hero-captainAmerica-s07-1_0.4_0_0.101
v 0.433311 1.251682 -0.119847
v 0.435256 1.249871 -0.115206
v 0.421409 1.239042 -0.114836
vn 0.5282 -0.6923 -0.4916
vt 0.913348 0.526004
vt 0.913251 0.523245
vt 0.928210 0.525577
s 1
usemtl 24_hero-captainAmerica-s07-1_0.4_0_0
f 696/813/616 697/814/616 698/815/616
o 24_hero-captainAmerica-s07-1_0.4_0_0.102
v 0.365661 1.257556 -0.096030
v 0.364611 1.257758 -0.101144
v 0.423858 1.236620 -0.109949
vn -0.3318 -0.9428 0.0310
vt 0.948628 0.566602
vt 0.946102 0.566991
vt 0.929613 0.522549
s 1
usemtl 24_hero-captainAmerica-s07-1_0.4_0_0
f 699/816/617 700/817/617 701/818/617
o 24_hero-captainAmerica-s07-1_0.4_0_0.103
v 0.421409 1.239042 -0.114836
v 0.423858 1.236620 -0.109949
v 0.364611 1.257758 -0.101144
vn -0.3587 -0.8953 -0.2640
vt 0.928210 0.525577
vt 0.929613 0.522549
vt 0.946102 0.566991
s 1
usemtl 24_hero-captainAmerica-s07-1_0.4_0_0
f 702/819/618 703/820/618 704/821/618
o 24_hero-captainAmerica-s07-1_0.4_0_0.104
v 0.350591 1.268939 -0.098422
v 0.350270 1.268918 -0.103480
v 0.365661 1.257556 -0.096030
vn -0.6064 -0.7940 0.0418
vt 0.958022 0.586440
vt 0.953799 0.586555
vt 0.948628 0.566602
s 1
usemtl 24_hero-captainAmerica-s07-1_0.4_0_0
f 705/822/619 706/823/619 707/824/619
o 24_hero-captainAmerica-s07-1_0.4_0_0.105
v 0.364611 1.257758 -0.101144
v 0.365661 1.257556 -0.096030
v 0.350270 1.268918 -0.103480
vn -0.6211 -0.7777 0.0969
vt 0.946102 0.566991
vt 0.948628 0.566602
vt 0.953799 0.586555
s 1
usemtl 24_hero-captainAmerica-s07-1_0.4_0_0
f 708/825/620 709/826/620 710/827/620
o 24_hero-captainAmerica-s07-1_0.4_0_0.106
v 0.334117 1.309438 -0.099168
v 0.335498 1.307008 -0.103967
v 0.350591 1.268939 -0.098422
vn -0.9232 -0.3769 -0.0748
vt 0.937255 0.618466
vt 0.935823 0.614508
vt 0.958022 0.586440
s 1
usemtl 24_hero-captainAmerica-s07-1_0.4_0_0
f 711/828/621 712/829/621 713/830/621
o 24_hero-captainAmerica-s07-1_0.4_0_0.107
v 0.350270 1.268918 -0.103480
v 0.350591 1.268939 -0.098422
v 0.335498 1.307008 -0.103967
vn -0.9309 -0.3602 0.0606
vt 0.953799 0.586555
vt 0.958022 0.586440
vt 0.935823 0.614508
s 1
usemtl 24_hero-captainAmerica-s07-1_0.4_0_0
f 714/831/622 715/832/622 716/833/622
o 24_hero-captainAmerica-s07-1_0.4_0_0.108
v 0.350304 1.331010 -0.125582
v 0.351517 1.328658 -0.130065
v 0.334117 1.309438 -0.099168
v 0.335498 1.307008 -0.103967
vn -0.9021 0.2302 -0.3649
vn -0.9021 0.2301 -0.3649
vn -0.9022 0.2302 -0.3649
vn -0.9021 0.2202 -0.3711
vt 0.905946 0.621596
vt 0.906229 0.618037
vt 0.937255 0.618466
vt 0.935823 0.614508
s 1
usemtl 24_hero-captainAmerica-s07-1_0.4_0_0
f 717/834/623 718/835/624 719/836/625
f 720/837/626 719/836/625 718/835/624
o 24_hero-captainAmerica-s07-1_0.4_0_0.109
v 0.379525 1.355158 -0.109113
v 0.378705 1.351668 -0.114961
v 0.350304 1.331010 -0.125582
vn -0.4267 0.8017 -0.4186
vt 0.872135 0.615977
vt 0.874273 0.612369
vt 0.905946 0.621596
s 1
usemtl 24_hero-captainAmerica-s07-1_0.4_0_0
f 721/838/627 722/839/627 723/840/627
o 24_hero-captainAmerica-s07-1_0.4_0_0.110
v 0.351517 1.328658 -0.130065
v 0.350304 1.331010 -0.125582
v 0.378705 1.351668 -0.114961
vn -0.3741 0.7757 -0.5083
vt 0.906229 0.618037
vt 0.905946 0.621596
vt 0.874273 0.612369
s 1
usemtl 24_hero-captainAmerica-s07-1_0.4_0_0
f 724/841/628 725/842/628 726/843/628
o 24_hero-captainAmerica-s07-1_0.4_0_0.111
v 0.416254 1.343194 -0.099592
v 0.414813 1.341123 -0.106129
v 0.379525 1.355158 -0.109113
vn 0.3713 0.8584 -0.3539
vt 0.853104 0.582864
vt 0.857083 0.583580
vt 0.872135 0.615977
s 1
usemtl 24_hero-captainAmerica-s07-1_0.4_0_0
f 727/844/629 728/845/629 729/846/629
o 24_hero-captainAmerica-s07-1_0.4_0_0.112
v 0.378705 1.351668 -0.114961
v 0.379525 1.355158 -0.109113
v 0.414813 1.341123 -0.106129
vn 0.3540 0.7805 -0.5153
vt 0.874273 0.612369
vt 0.872135 0.615977
vt 0.857083 0.583580
s 1
usemtl 24_hero-captainAmerica-s07-1_0.4_0_0
f 730/847/630 731/848/630 732/849/630
o 24_hero-captainAmerica-s07-1_0.4_0_0.113
o 24_hero-captainAmerica-s07-1_0.4_0_0.114
o 24_hero-captainAmerica-s07-1_0.4_0_0.115
o 24_hero-captainAmerica-s07-1_0.4_0_0.116
o 24_hero-captainAmerica-s07-1_0.4_0_0.117
o 24_hero-captainAmerica-s07-1_0.4_0_0.118
o 24_hero-captainAmerica-s07-1_0.4_0_0.119
o 24_hero-captainAmerica-s07-1_0.4_0_0.120
o 24_hero-captainAmerica-s07-1_0.4_0_0.121
o 24_hero-captainAmerica-s07-1_0.4_0_0.122
o 24_hero-captainAmerica-s07-1_0.4_0_0.123
o 24_hero-captainAmerica-s07-1_0.4_0_0.124
o 24_hero-captainAmerica-s07-1_0.4_0_0.125
o 24_hero-captainAmerica-s07-1_0.4_0_0.126
o 24_hero-captainAmerica-s07-1_0.4_0_0.127
o 24_hero-captainAmerica-s07-1_0.4_0_0.128
o 24_hero-captainAmerica-s07-1_0.4_0_0.129
o 24_hero-captainAmerica-s07-1_0.4_0_0.130
o 24_hero-captainAmerica-s07-1_0.4_0_0.131
o 24_hero-captainAmerica-s07-1_0.4_0_0.132
o 24_hero-captainAmerica-s07-1_0.4_0_0.133
o 24_hero-captainAmerica-s07-1_0.4_0_0.134
o 24_hero-captainAmerica-s07-1_0.4_0_0.135
o 24_hero-captainAmerica-s07-1_0.4_0_0.136
o 24_hero-captainAmerica-s07-1_0.4_0_0.137
o 24_hero-captainAmerica-s07-1_0.4_0_0.138
o 24_hero-captainAmerica-s07-1_0.4_0_0.139
o 24_hero-captainAmerica-s07-1_0.4_0_0.140
o 24_hero-captainAmerica-s07-1_0.4_0_0.141
o 24_hero-captainAmerica-s07-1_0.4_0_0.142
o 24_hero-captainAmerica-s07-1_0.4_0_0.143
o 24_hero-captainAmerica-s07-1_0.4_0_0.144
o 24_hero-captainAmerica-s07-1_0.4_0_0.145
o 24_hero-captainAmerica-s07-1_0.4_0_0.146
o 24_hero-captainAmerica-s07-1_0.4_0_0.147
o 24_hero-captainAmerica-s07-1_0.4_0_0.148
o 24_hero-captainAmerica-s07-1_0.4_0_0.149
o 24_hero-captainAmerica-s07-1_0.4_0_0.150
o 24_hero-captainAmerica-s07-1_0.4_0_0.151
o 24_hero-captainAmerica-s07-1_0.4_0_0.152
o 24_hero-captainAmerica-s07-1_0.4_0_0.153
o 24_hero-captainAmerica-s07-1_0.4_0_0.154
o 24_hero-captainAmerica-s07-1_0.4_0_0.155
o 24_hero-captainAmerica-s07-1_0.4_0_0.156
o 24_hero-captainAmerica-s07-1_0.4_0_0.157
o 24_hero-captainAmerica-s07-1_0.4_0_0.158
o 24_hero-captainAmerica-s07-1_0.4_0_0.159
o 24_hero-captainAmerica-s07-1_0.4_0_0.160
o 24_hero-captainAmerica-s07-1_0.4_0_0.161
o 24_hero-captainAmerica-s07-1_0.4_0_0.162
o 24_hero-captainAmerica-s07-1_0.4_0_0.163
o 24_hero-captainAmerica-s07-1_0.4_0_0.164
o 24_hero-captainAmerica-s07-1_0.4_0_0.165
o 24_hero-captainAmerica-s07-1_0.4_0_0.166
o 24_hero-captainAmerica-s07-1_0.4_0_0.167
